2.3356302660039842E-4
0.0013197514784347888
8.7292026746277E-5
3.136517145131435E-4
3.308118968293691E-4
3.7020084302356523E-4
5.234947264390515E-4
6.976347048903023E-4
5.100734702656256E-4
0.0016191158349393164
3.7543402619304666E-4
3.7020084302356523E-4
6.807379755464873E-4
5.234947264390515E-4
7.161420571073839E-4
1.7173452815618566E-4
4.5298120384490827E-4
3.1286751962012263E-4
3.7020084302356523E-4
0.0018781070652158435
3.1286751962012263E-4
6.807379755464873E-4
7.161420571073839E-4
7.894842786284556E-4
6.976347048903023E-4
3.5702330708815475E-4
0.0012384693056971194
5.344904150640283E-4
5.324813631522897E-4
7.161420571073839E-4
3.7818972037302514E-4
0.0014534652485764378
5.234947264390515E-4
3.7818972037302514E-4
6.976347048903023E-4
5.324813631522897E-4
4.274576005497885E-4
3.7543402619304666E-4
8.7292026746277E-5
6.807379755464873E-4
5.324813631522897E-4
0.0014646439864771077
7.161420571073839E-4
7.450134275952268E-4
9.924431500288996E-4
1.7926183457692808E-4
6.976347048903023E-4
5.234947264390515E-4
5.135826555651593E-4
5.344904150640283E-4
1.5748003112657115E-4
5.324813631522897E-4
7.894842786284556E-4
3.810290478278563E-4
3.1145181717384934E-4
3.5702330708815475E-4
4.5298120384490827E-4
5.135826555651593E-4
7.161420571073839E-4
1.7173452815618566E-4
8.675914732181186E-4
3.136517145131435E-4
5.344904150640283E-4
4.4517693831570436E-4
2.775032425720598E-4
2.4281453656301778E-4
5.344904150640283E-4
9.856530137831668E-4
6.876809877524214E-4
5.324813631522897E-4
2.3563041823807361E-4
3.6383588704446464E-4
3.7818972037302514E-4
2.1344013656433202E-4
3.1145181717384934E-4
1.6736087890475076E-4
5.838998488170047E-4
4.2921305589956537E-4
4.4517693831570436E-4
3.887949418164854E-4
5.154858546352534E-4
5.838998488170047E-4
7.61229408071012E-4
5.324813631522897E-4
5.414163731924117E-4
6.807379755464873E-4
6.813878027128044E-4
1.7926183457692808E-4
9.856530137831668E-4
3.7818972037302514E-4
3.193624634329836E-4
4.068727774498021E-4
3.1145181717384934E-4
3.810290478278563E-4
5.838998488170047E-4
5.135826555651593E-4
7.450134275952268E-4
5.324813631522897E-4
9.856530137831668E-4
1.7173452815618566E-4
4.954078484870997E-4
7.894842786284556E-4
3.7543402619304666E-4
7.450134275952268E-4
6.813878027128044E-4
4.176792728654323E-4
2.733680432580064E-4
6.807379755464873E-4
5.324813631522897E-4
4.274576005497885E-4
2.64630086920355E-4
4.5298120384490827E-4
4.068727774498021E-4
4.4517693831570436E-4
4.0323949613881515E-4
5.324813631522897E-4
9.856530137831668E-4
9.856530137831668E-4
3.585268645457599E-4
7.450134275952268E-4
5.324813631522897E-4
6.807379755464873E-4
5.838998488170047E-4
5.414163731924117E-4
4.176792728654323E-4
3.115648222066479E-4
5.324813631522897E-4
9.856530137831668E-4
7.450134275952268E-4
3.7818972037302514E-4
7.161420571073839E-4
3.7818972037302514E-4
6.876809877524214E-4
3.4670431688442027E-4
4.489277328607893E-4
3.7381772232964535E-4
0.0014646439864771077
3.5451312947488804E-4
5.324813631522897E-4
0.0014646439864771077
4.4517693831570436E-4
7.894842786284556E-4
9.856530137831668E-4
5.324813631522897E-4
3.7381772232964535E-4
5.344904150640283E-4
4.068727774498021E-4
2.1868288299986853E-4
4.489277328607893E-4
1.756687404105666E-4
3.7818972037302514E-4
3.810290478278563E-4
3.4670431688442027E-4
5.324813631522897E-4
5.234947264390515E-4
5.324813631522897E-4
1.4874902536874266E-4
7.472063799023613E-4
2.0562289774986214E-4
4.176792728654323E-4
4.642770003293402E-4
7.161420571073839E-4
3.7381772232964535E-4
7.894842786284556E-4
3.7818972037302514E-4
5.234947264390515E-4
2.2832366860258245E-4
3.7818972037302514E-4
5.324813631522897E-4
2.1662040378352883E-4
2.493912460903984E-4
8.447250600901389E-4
6.807379755464873E-4
7.472063799023613E-4
2.3838607975010693E-4
7.161420571073839E-4
4.224706716274779E-4
3.7818972037302514E-4
4.954078484870997E-4
0.002371683707290312
6.876809877524214E-4
0.0015159088539721092
5.838998488170047E-4
2.1344013656433202E-4
4.176792728654323E-4
7.894842786284556E-4
0.0014534652485764378
5.838998488170047E-4
3.974566602818815E-4
0.0014646439864771077
6.807379755464873E-4
5.324813631522897E-4
0.001473788746729061
5.838998488170047E-4
0.002371683707290312
2.316897147690285E-4
7.161420571073839E-4
1.7303674423857566E-4
5.505556632171719E-4
4.954078484870997E-4
3.6772743292489557E-4
5.838998488170047E-4
4.581343563728648E-4
4.068727774498021E-4
4.489277328607893E-4
9.856530137831668E-4
0.0015159088539721092
0.0017005508159527206
6.876809877524214E-4
4.954078484870997E-4
8.013124038767829E-4
3.581765697457769E-4
4.068727774498021E-4
3.7818972037302514E-4
6.813878027128044E-4
3.7381772232964535E-4
4.4517693831570436E-4
5.838998488170047E-4
3.581765697457769E-4
5.505556632171719E-4
5.234947264390515E-4
5.903877850882343E-4
5.324813631522897E-4
4.068727774498021E-4
5.838998488170047E-4
3.810290478278563E-4
6.813878027128044E-4
5.903877850882343E-4
4.068727774498021E-4
0.0017005508159527206
3.5451312947488804E-4
2.9426601647889686E-4
2.6711634334007693E-4
4.068727774498021E-4
5.324813631522897E-4
5.838998488170047E-4
7.894842786284556E-4
6.976347048903023E-4
8.300397786983447E-4
7.161420571073839E-4
4.954078484870997E-4
4.068727774498021E-4
2.1344013656433202E-4
2.9307902406150893E-4
3.7381772232964535E-4
5.154858546352534E-4
2.9426601647889686E-4
5.234947264390515E-4
5.948982260934313E-4
3.581765697457769E-4
5.324813631522897E-4
9.856530137831668E-4
1.2591248249958184E-4
3.5594588838787453E-4
5.866565616884582E-4
5.903877850882343E-4
3.7381772232964535E-4
5.234947264390515E-4
3.974566602818815E-4
3.7543402619304666E-4
5.324813631522897E-4
4.068727774498021E-4
5.344904150640283E-4
2.0748910384267246E-4
3.7543402619304666E-4
3.1145181717384934E-4
5.135826555651593E-4
0.0014534652485764378
2.9426601647889686E-4
5.234947264390515E-4
8.300397786983447E-4
5.135826555651593E-4
3.1145181717384934E-4
6.807379755464873E-4
5.324813631522897E-4
0.0010722818770433748
6.725839484706226E-4
1.7926183457692808E-4
7.894842786284556E-4
1.717564937310874E-4
2.9426601647889686E-4
5.234947264390515E-4
0.0014534652485764378
3.144709031041444E-4
3.136517145131435E-4
5.234947264390515E-4
3.5594588838787453E-4
4.068727774498021E-4
1.2349661869691365E-4
3.3940200567439004E-4
2.738475581926062E-4
0.0015159088539721092
5.324813631522897E-4
1.938279143629099E-4
5.135826555651593E-4
3.810290478278563E-4
5.189010013923117E-4
9.091145224551287E-5
2.322041339967457E-4
3.6772743292489557E-4
5.324813631522897E-4
5.324813631522897E-4
5.948982260934313E-4
6.807379755464873E-4
5.344904150640283E-4
4.068727774498021E-4
1.7500670152722082E-4
3.7020084302356523E-4
5.234947264390515E-4
3.810290478278563E-4
3.7543402619304666E-4
5.948982260934313E-4
7.894842786284556E-4
5.234947264390515E-4
2.64630086920355E-4
4.642770003293402E-4
0.0015159088539721092
9.091145224551287E-5
1.1144958763652574E-4
2.3989386635601037E-4
5.948982260934313E-4
5.324813631522897E-4
4.489277328607893E-4
3.230848568842995E-4
4.274576005497885E-4
5.324813631522897E-4
4.224706716274779E-4
3.115648222066479E-4
9.882245071094423E-4
4.068727774498021E-4
2.316897147690285E-4
3.810290478278563E-4
5.234947264390515E-4
5.344904150640283E-4
5.324813631522897E-4
2.9307902406150893E-4
5.234947264390515E-4
6.976347048903023E-4
7.894842786284556E-4
3.023720907106185E-4
5.135826555651593E-4
9.856530137831668E-4
3.7818972037302514E-4
6.807379755464873E-4
4.642770003293402E-4
5.324813631522897E-4
4.138850522223158E-4
5.324813631522897E-4
7.894842786284556E-4
1.2349661869691365E-4
5.324813631522897E-4
6.807379755464873E-4
5.234947264390515E-4
0.0017005508159527206
4.912561735025514E-4
2.474983625531373E-4
0.0012824966929191317
4.068727774498021E-4
1.8899126984508533E-4
1.8899126984508533E-4
4.581343563728648E-4
3.7818972037302514E-4
5.903877850882343E-4
8.300397786983447E-4
1.1456160719329304E-4
5.01434173620426E-4
3.5451312947488804E-4
2.316897147690285E-4
5.903877850882343E-4
1.2349661869691365E-4
6.807379755464873E-4
7.161420571073839E-4
5.234947264390515E-4
1.9517814501164338E-4
9.856530137831668E-4
5.234947264390515E-4
0.0014534652485764378
3.5536192957460805E-4
2.9307902406150893E-4
3.7818972037302514E-4
3.230848568842995E-4
0.0015159088539721092
3.581765697457769E-4
5.135826555651593E-4
6.807379755464873E-4
5.234947264390515E-4
5.414163731924117E-4
2.1974066304145332E-4
3.5451312947488804E-4
0.0010722818770433748
2.474983625531373E-4
4.320495867911041E-4
3.581765697457769E-4
3.5451312947488804E-4
4.336589033598551E-4
4.581343563728648E-4
5.189010013923117E-4
5.324813631522897E-4
1.9517814501164338E-4
5.234947264390515E-4
5.324813631522897E-4
1.9644182271144053E-4
5.324813631522897E-4
5.324813631522897E-4
5.324813631522897E-4
1.2101849162552039E-4
1.7152119495023271E-4
5.324813631522897E-4
4.15795468841271E-4
5.372725456051393E-4
3.5451312947488804E-4
2.4425878825074844E-4
3.263699296944517E-4
5.324813631522897E-4
5.324813631522897E-4
2.143929854105956E-4
2.648196780106509E-4
5.324813631522897E-4
5.324813631522897E-4
5.324813631522897E-4
5.324813631522897E-4
2.1125717059143338E-4
3.83744277914769E-4
5.324813631522897E-4
8.553164541964938E-4
2.07978677868617E-4
9.188837682716504E-5
3.5451312947488804E-4
5.549433561388627E-4
5.324813631522897E-4
4.642770003293402E-4
3.5536192957460805E-4
5.324813631522897E-4
5.324813631522897E-4
2.3925041123171032E-4
5.324813631522897E-4
0.001004624141851364
0.00131060740217323
0.0012619829845266874
5.324813631522897E-4
5.324813631522897E-4
5.772431787249909E-4
9.587298003012226E-4
4.334047490164089E-4
1.1105099781079996E-4
4.15795468841271E-4
1.3585706999739186E-4
2.980554587778111E-4
5.324813631522897E-4
5.324813631522897E-4
7.515484506499004E-4
4.8071019750745524E-4
9.269759181637197E-4
1.2465347144105217E-4
4.642770003293402E-4
1.2101849162552039E-4
5.324813631522895E-4
3.1145181717384934E-4
2.474983625531373E-4
8.993282179066227E-4
2.07978677868617E-4
7.033229861350648E-4
6.807379755464873E-4
5.324813631522897E-4
5.324813631522897E-4
5.838998488170047E-4
2.554255883736796E-4
5.324813631522897E-4
5.324813631522897E-4
1.7152119495023271E-4
4.6223449476727485E-4
5.324813631522897E-4
1.1468829360203163E-4
2.678100104763707E-4
3.3940200567439004E-4
3.2145381813509453E-4
2.621628710659068E-4
5.324813631522897E-4
4.274576005497885E-4
3.574551651357678E-4
1.7505274069275515E-4
4.954078484870997E-4
4.502563826818879E-4
5.324813631522897E-4
5.324813631522897E-4
2.16647396147747E-4
5.38565042798773E-4
1.6857450190248366E-4
3.891981598380572E-4
7.033229861350648E-4
2.648196780106509E-4
0.001004624141851364
5.324813631522897E-4
4.642770003293402E-4
2.1014470792297417E-4
5.324813631522897E-4
2.316897147690285E-4
6.376781205712552E-4
2.4425878825074844E-4
3.129228611099081E-4
3.7818972037302514E-4
5.33774145077167E-4
6.807379755464873E-4
1.4874902536874266E-4
1.9380082660813228E-4
4.893599184884579E-4
2.3908574801043887E-4
5.324813631522897E-4
1.7039403620873272E-4
2.0553544753109258E-4
2.6977212171903605E-4
2.729422857775703E-4
1.7152119495023271E-4
5.324813631522897E-4
3.188348862369737E-4
4.2921305589956537E-4
6.725839484706226E-4
5.324813631522897E-4
0.0011148637999597345
5.324813631522897E-4
5.324813631522895E-4
5.838998488170047E-4
5.324813631522897E-4
5.324813631522897E-4
1.1468829360203163E-4
0.0016191158349393164
3.6772743292489557E-4
5.324813631522897E-4
3.3164755525202515E-4
5.324813631522897E-4
1.1144958763652574E-4
5.903877850882343E-4
5.324813631522897E-4
7.415000781179043E-4
2.0641666644444085E-4
5.324813631522897E-4
5.237321050704411E-4
3.023720907106185E-4
5.324813631522897E-4
2.621628710659068E-4
5.324813631522897E-4
5.324813631522897E-4
2.554255883736796E-4
1.2101849162552039E-4
7.574628570553308E-4
4.893599184884579E-4
9.154687740531743E-4
5.324813631522897E-4
0.0015159088539721092
4.2921305589956537E-4
5.324813631522897E-4
2.6711634334007693E-4
5.324813631522897E-4
5.324813631522897E-4
5.920222704431192E-4
1.3890818169190168E-4
0.0012824966929191317
5.838998488170047E-4
3.291364231939192E-4
9.788049668344076E-5
5.324813631522897E-4
5.324813631522897E-4
7.161420571073839E-4
5.237321050704411E-4
2.0641666644444085E-4
1.9135697940025963E-4
4.918862169757434E-4
5.324813631522897E-4
2.686988397242583E-4
5.324813631522897E-4
9.587298003012226E-4
5.324813631522897E-4
3.1765846916074087E-4
5.829473486658299E-4
2.1014470792297417E-4
1.3502927277088812E-4
3.581765697457769E-4
5.324813631522897E-4
1.1144958763652574E-4
3.574551651357678E-4
7.033229861350648E-4
0.0013554358901948225
2.1665929409187204E-4
4.2921305589956537E-4
3.115648222066479E-4
0.001209932865589078
8.993282179066227E-4
5.324813631522897E-4
0.0015496362262397132
5.324813631522897E-4
4.875722482513285E-4
5.324813631522897E-4
0.001661641297082163
1.7505274069275515E-4
5.324813631522897E-4
9.856530137831668E-4
5.324813631522897E-4
3.5763524519255444E-4
5.324813631522897E-4
5.324813631522897E-4
2.1027016922470386E-4
2.2832366860258245E-4
5.324813631522897E-4
3.198550535839902E-4
1.9135697940025963E-4
4.893599184884579E-4
5.324813631522897E-4
5.324813631522897E-4
7.033229861350649E-4
5.324813631522897E-4
5.324813631522897E-4
5.324813631522897E-4
2.488261293064052E-4
1.7017342662536034E-4
5.324813631522897E-4
4.068727774498021E-4
1.586331521956005E-4
0.001004624141851364
9.018160417140673E-5
1.666594703429104E-4
2.55550359665652E-4
1.1468829360203163E-4
5.324813631522897E-4
8.358839723256831E-4
5.324813631522897E-4
1.9884773541580252E-4
2.1014470792297417E-4
5.237321050704411E-4
1.7989592420807082E-4
5.324813631522897E-4
4.1664588933521777E-4
4.741761086658415E-4
3.5451312947488804E-4
5.324813631522897E-4
5.346866970241395E-4
5.324813631522897E-4
9.248908327030385E-4
2.2156814450234762E-4
5.324813631522897E-4
9.154687740531743E-4
8.656100977352493E-5
5.324813631522897E-4
2.6544098479651574E-4
4.893599184884579E-4
2.4684419286671703E-4
5.549433561388627E-4
5.324813631522897E-4
3.78564915710591E-4
0.0015159088539721092
5.344904150640283E-4
5.324813631522897E-4
5.324813631522897E-4
5.324813631522897E-4
7.894842786284556E-4
5.324813631522895E-4
3.702580246760988E-4
4.954078484870997E-4
5.838998488170047E-4
2.0641666644444085E-4
5.790642193594565E-4
6.088884412393972E-4
5.324813631522897E-4
5.324813631522897E-4
5.311111486413867E-4
3.7379483970617264E-4
2.2557348692429902E-4
4.875722482513285E-4
6.531771388001416E-4
3.2624700517854053E-4
0.001004624141851364
9.623157165402827E-5
6.531771388001416E-4
5.324813631522897E-4
1.91587048090522E-4
5.324813631522897E-4
1.7152119495023271E-4
5.324813631522897E-4
3.3940200567439004E-4
3.188348862369737E-4
5.324813631522897E-4
1.9560172768595685E-4
0.0013942164576047312
5.420576491640186E-4
2.476546880340507E-4
1.9135697940025963E-4
5.324813631522897E-4
1.721673835864745E-4
5.505556632171719E-4
5.33774145077167E-4
5.414163731924117E-4
4.138850522223158E-4
4.489277328607893E-4
3.702580246760988E-4
1.7152119495023271E-4
7.033229861350648E-4
1.736617170602037E-4
5.224096791903858E-4
1.881037247497496E-4
4.843642819148603E-4
5.324813631522895E-4
1.1530316242134867E-4
0.001004624141851364
1.5149630271601723E-4
5.324813631522897E-4
6.296210109004208E-4
4.00228200796145E-4
1.1468829360203163E-4
5.324813631522897E-4
1.7039403620873272E-4
0.0014646439864771077
5.324813631522897E-4
5.324813631522897E-4
1.2822434560174836E-4
5.324813631522897E-4
5.324813631522897E-4
5.324813631522897E-4
2.6792308912557616E-4
1.0570349640740242E-4
5.903877850882343E-4
1.9934393862109612E-4
5.324813631522897E-4
2.4684419286671703E-4
5.903877850882343E-4
4.893599184884579E-4
3.585268645457599E-4
5.324813631522897E-4
4.336589033598551E-4
5.790642193594565E-4
5.324813631522897E-4
5.47107413007859E-4
5.324813631522897E-4
5.324813631522897E-4
5.847497693849914E-4
2.905968228187161E-4
6.218008261583747E-4
1.8405101077703304E-4
3.702580246760988E-4
2.8310126218282196E-4
5.324813631522897E-4
2.6544098479651574E-4
6.109241343391113E-4
5.324813631522897E-4
5.324813631522897E-4
5.324813631522897E-4
2.066156109613029E-4
1.8848203265466615E-4
2.905968228187161E-4
5.324813631522897E-4
1.0142417365236663E-4
1.926519759166572E-4
3.574551651357678E-4
5.324813631522897E-4
3.1286751962012263E-4
7.894842786284556E-4
4.336589033598551E-4
9.188837682716504E-5
2.877721535156431E-4
1.1804406122894133E-4
2.9307902406150893E-4
9.25770562288485E-5
2.1974066304145332E-4
3.713766080175586E-4
7.472063799023613E-4
6.065204864366589E-4
2.9080150054073325E-4
5.324813631522897E-4
8.251315022245635E-4
1.8432047186040798E-4
1.9165870041054194E-4
7.033229861350648E-4
0.0012724112639090905
5.324813631522897E-4
5.903877850882343E-4
3.0868121162527497E-4
3.855845223562568E-4
6.152468911989974E-4
1.1199786829361232E-4
3.702580246760988E-4
1.8848203265466615E-4
1.7910582345770517E-4
6.113812325780046E-4
1.8848203265466615E-4
2.877721535156431E-4
3.887949418164854E-4
3.4670431688442027E-4
4.224706716274779E-4
2.3410266656016468E-4
5.38565042798773E-4
1.0752956186662963E-4
0.0011761041651533138
2.428148548705039E-4
9.497794359522559E-4
5.324813631522897E-4
1.6860824758344555E-4
5.324813631522897E-4
3.3164755525202515E-4
5.189010013923117E-4
5.324813631522897E-4
4.893599184884579E-4
6.218008261583747E-4
3.8229306250573726E-4
3.713766080175586E-4
1.0328302302522861E-4
5.474584202752052E-4
5.224096791903858E-4
4.961325956428242E-4
5.324813631522897E-4
1.7860986396136375E-4
7.884630834374836E-4
6.101146382981805E-4
3.034192459505046E-4
1.5131931410784273E-4
5.324813631522897E-4
5.324813631522897E-4
2.278212842090978E-4
1.4265300927128019E-4
0.00131060740217323
8.168646469513929E-4
4.4517693831570436E-4
5.324813631522897E-4
5.98631282504358E-4
2.1438203999034542E-4
1.0328302302522861E-4
5.38565042798773E-4
5.324813631522897E-4
3.814561175014637E-4
1.5694284733006484E-4
1.914350723895211E-4
3.0382969138636497E-4
5.33774145077167E-4
1.7688184002994276E-4
5.948982260934313E-4
4.336589033598551E-4
6.944215825648757E-4
1.7910582345770517E-4
5.324813631522897E-4
1.8432047186040798E-4
7.998227628509851E-4
5.838998488170047E-4
1.7332215230146225E-4
3.8229306250573726E-4
0.0010428089916687088
5.549433561388627E-4
3.887949418164854E-4
4.224706716274779E-4
5.324813631522897E-4
2.217631107918115E-4
6.101146382981805E-4
1.5450054817072286E-4
1.1144958763652574E-4
4.336589033598551E-4
1.4720713663292085E-4
2.53702950253123E-4
6.262057529168326E-4
3.574551651357678E-4
2.9080150054073325E-4
4.2406149579678513E-4
2.6977212171903605E-4
0.0012384693056971194
4.4517693831570436E-4
1.3138311661029791E-4
1.3890818169190168E-4
5.838998488170047E-4
1.8432047186040798E-4
3.3586647515268834E-4
3.0382969138636497E-4
8.327917900531475E-4
9.353211094779819E-4
1.6857450190248366E-4
5.224096791903858E-4
4.255906003100767E-4
5.897018642738143E-4
2.5728717246245266E-4
0.0010428089916687088
5.420576491640186E-4
4.77756597418382E-4
4.893599184884579E-4
5.324813631522897E-4
5.324813631522897E-4
9.269759181637197E-4
4.138850522223158E-4
4.2406149579678513E-4
5.554804226272133E-4
4.64474080191858E-4
5.324813631522897E-4
4.2406149579678513E-4
1.3890818169190168E-4
8.110323572945119E-5
2.3334693348911627E-4
0.001428101826498237
3.188348862369737E-4
0.0012582395336885313
4.336589033598551E-4
4.893599184884579E-4
2.577481695144699E-4
3.713766080175586E-4
1.1144958763652574E-4
1.7910582345770517E-4
1.579152007074993E-4
9.353211094779819E-4
5.324813631522897E-4
2.066156109613029E-4
8.46701814199754E-5
5.420576491640186E-4
2.686988397242583E-4
5.710810183882695E-4
5.324813631522897E-4
5.324813631522897E-4
3.1286751962012263E-4
4.336589033598551E-4
5.324813631522897E-4
1.3890818169190168E-4
5.420576491640186E-4
8.358839723256831E-4
3.840264749699841E-4
6.790925370235291E-4
1.9635601228467988E-4
5.838998488170047E-4
4.961325956428242E-4
3.443997948718979E-4
2.5728717246245266E-4
0.0010428089916687088
6.375440927007933E-4
3.005248469627823E-4
5.224096791903858E-4
1.651748424596833E-4
6.152468911989974E-4
5.838998488170047E-4
5.838998488170047E-4
5.465172175836135E-4
4.893599184884579E-4
6.830856483914999E-4
2.5728717246245266E-4
4.40022455717099E-4
5.414163731924117E-4
2.3816180302758063E-4
3.887949418164854E-4
5.324813631522897E-4
2.496006389776359E-4
9.140614230319582E-4
9.353211094779819E-4
1.3890818169190168E-4
1.7860986396136375E-4
3.887949418164854E-4
4.138850522223158E-4
1.914350723895211E-4
5.324813631522897E-4
2.5728717246245266E-4
2.5930888301467297E-4
5.324813631522897E-4
3.5763524519255444E-4
5.324813631522897E-4
0.001428101826498237
5.324813631522897E-4
5.324813631522897E-4
1.3890818169190168E-4
4.2406149579678513E-4
7.066910649978651E-4
4.40022455717099E-4
1.9391171627614897E-4
2.894487870082023E-4
5.324813631522897E-4
5.324813631522897E-4
8.407600470825626E-5
5.324813631522897E-4
4.40022455717099E-4
5.803845654815217E-4
4.893599184884579E-4
1.9843454742817608E-4
5.324813631522897E-4
2.104393609396855E-4
5.324813631522897E-4
5.803845654815217E-4
7.066910649978651E-4
1.3490992502680923E-4
4.336589033598551E-4
4.642770003293402E-4
5.324813631522897E-4
1.8432047186040798E-4
7.066910649978651E-4
2.139130657907922E-4
7.484674077119677E-4
2.5728717246245266E-4
5.984359349587809E-4
5.324813631522897E-4
1.6146384777024908E-4
5.420576491640186E-4
0.0015691482310825082
1.4340493730162317E-4
2.4546142517042956E-4
5.324813631522897E-4
3.443997948718979E-4
2.090946643613109E-4
5.414163731924117E-4
3.5763524519255444E-4
5.324813631522897E-4
1.4340493730162317E-4
2.3552827709135446E-4
2.496006389776359E-4
9.623157165402827E-5
2.1559460455054154E-4
1.4732519124055252E-4
5.324813631522897E-4
3.443997948718979E-4
5.803845654815217E-4
5.224096791903858E-4
3.5763524519255444E-4
2.496006389776359E-4
5.324813631522897E-4
5.837223999666675E-4
1.4340493730162317E-4
5.324813631522897E-4
1.914350723895211E-4
1.4340493730162317E-4
0.004804747100878804
5.28323015180212E-4
2.5728717246245266E-4
1.4340493730162317E-4
3.0382969138636497E-4
5.324813631522897E-4
3.840264749699841E-4
1.4340493730162317E-4
8.939766772031724E-4
7.484674077119677E-4
2.894487870082023E-4
7.484674077119677E-4
5.920222704431192E-4
3.7020084302356523E-4
5.324813631522897E-4
9.856530137831668E-4
3.6383588704446464E-4
6.649115860967171E-4
7.161420571073839E-4
0.002371683707290312
2.3563041823807361E-4
0.002371683707290312
5.324813631522897E-4
9.856530137831668E-4
6.976347048903023E-4
4.489277328607893E-4
5.324813631522897E-4
0.0014646439864771077
4.0323949613881515E-4
6.976347048903023E-4
3.581765697457769E-4
3.7818972037302514E-4
3.5702330708815475E-4
4.964583585499889E-4
3.6383588704446464E-4
7.450134275952268E-4
4.5298120384490827E-4
5.414163731924117E-4
2.64630086920355E-4
5.234947264390515E-4
0.0014646439864771077
7.161420571073839E-4
2.8310126218282196E-4
0.002371683707290312
5.234947264390515E-4
3.115648222066479E-4
3.581765697457769E-4
7.894842786284556E-4
3.7818972037302514E-4
5.324813631522897E-4
5.324813631522897E-4
5.414163731924117E-4
9.856530137831668E-4
3.581765697457769E-4
7.894842786284556E-4
7.161420571073839E-4
6.807379755464873E-4
5.234947264390515E-4
3.4670431688442027E-4
3.1145181717384934E-4
4.0323949613881515E-4
5.414163731924117E-4
0.002371683707290312
3.1145181717384934E-4
0.002371683707290312
7.450134275952268E-4
7.894842786284556E-4
6.807379755464873E-4
5.154858546352534E-4
6.813878027128044E-4
3.810290478278563E-4
2.9307902406150893E-4
0.0014534652485764378
7.450134275952268E-4
3.7818972037302514E-4
5.838998488170047E-4
3.7381772232964535E-4
0.0014646439864771077
7.161420571073839E-4
4.5298120384490827E-4
5.234947264390515E-4
7.894842786284556E-4
3.887949418164854E-4
9.856530137831668E-4
6.876809877524214E-4
2.775032425720598E-4
6.976347048903023E-4
3.810290478278563E-4
5.324813631522897E-4
5.234947264390515E-4
3.972942275409961E-4
4.146029860742748E-4
3.810290478278563E-4
3.585268645457599E-4
6.042802332269951E-4
9.856530137831668E-4
5.324813631522897E-4
6.976347048903023E-4
7.161420571073839E-4
0.001473788746729061
5.234947264390515E-4
6.813878027128044E-4
6.876809877524214E-4
0.0015159088539721092
3.810290478278563E-4
5.234947264390515E-4
2.0748910384267246E-4
3.887949418164854E-4
0.0014646439864771077
5.344904150640283E-4
0.0014646439864771077
8.447250600901389E-4
4.5298120384490827E-4
4.274576005497885E-4
5.324813631522897E-4
5.234947264390515E-4
5.324813631522897E-4
7.161420571073839E-4
9.856530137831668E-4
3.810290478278563E-4
0.001209932865589078
0.002371683707290312
3.7543402619304666E-4
6.807379755464873E-4
0.0014646439864771077
2.213678969137121E-4
3.581765697457769E-4
6.976347048903023E-4
0.0010641818540818155
7.161420571073839E-4
2.9307902406150893E-4
2.139288738285345E-4
5.948982260934313E-4
5.344904150640283E-4
3.7818972037302514E-4
3.7381772232964535E-4
4.2921305589956537E-4
7.894842786284556E-4
5.505556632171719E-4
6.807379755464873E-4
0.0014646439864771077
4.068727774498021E-4
7.450134275952268E-4
5.324813631522897E-4
3.581765697457769E-4
5.324813631522897E-4
7.472063799023613E-4
3.974566602818815E-4
3.1145181717384934E-4
5.344904150640283E-4
4.642770003293402E-4
3.581765697457769E-4
6.976347048903023E-4
5.838998488170047E-4
3.810290478278563E-4
6.807379755464873E-4
3.581765697457769E-4
5.234947264390515E-4
3.7543402619304666E-4
3.2733112948128435E-4
3.585268645457599E-4
9.856530137831668E-4
1.528945181014613E-4
8.447250600901389E-4
5.324813631522897E-4
2.1868288299986853E-4
3.6772743292489557E-4
6.876809877524214E-4
9.305499550234189E-5
3.581765697457769E-4
7.894842786284556E-4
0.0014437955988337904
4.489277328607893E-4
9.856530137831668E-4
7.161420571073839E-4
2.6765201362376136E-4
0.0014646439864771077
0.0017005508159527206
3.581765697457769E-4
3.7381772232964535E-4
3.6772743292489557E-4
3.7818972037302514E-4
3.7543402619304666E-4
0.0014646439864771077
5.154858546352534E-4
3.974566602818815E-4
6.813878027128044E-4
0.0017005508159527206
5.344904150640283E-4
3.810290478278563E-4
2.733680432580064E-4
9.856530137831668E-4
7.894842786284556E-4
4.581343563728648E-4
5.324813631522897E-4
4.489277328607893E-4
2.0748910384267246E-4
5.505556632171719E-4
3.974566602818815E-4
9.856530137831668E-4
7.161420571073839E-4
6.813878027128044E-4
0.002371683707290312
2.3563041823807361E-4
5.903877850882343E-4
6.300960315539913E-4
5.135826555651593E-4
7.161420571073839E-4
5.414163731924117E-4
9.856530137831668E-4
7.161420571073839E-4
3.7381772232964535E-4
3.581765697457769E-4
4.912561735025514E-4
1.1456160719329304E-4
0.0014646439864771077
5.903877850882343E-4
3.974566602818815E-4
2.3563041823807361E-4
5.234947264390515E-4
3.810290478278563E-4
5.414163731924117E-4
7.894842786284556E-4
9.856530137831668E-4
7.450134275952268E-4
3.7543402619304666E-4
3.4670431688442027E-4
3.974566602818815E-4
3.574551651357678E-4
2.4045560656785818E-4
5.948982260934313E-4
6.976347048903023E-4
3.115648222066479E-4
5.154858546352534E-4
9.856530137831668E-4
3.136517145131435E-4
4.581343563728648E-4
3.581765697457769E-4
0.002905236670166855
5.154858546352534E-4
9.856530137831668E-4
3.1145181717384934E-4
3.7543402619304666E-4
3.7020084302356523E-4
0.0010722818770433748
5.903877850882343E-4
9.856530137831668E-4
6.813878027128044E-4
7.161420571073839E-4
3.542547967573614E-4
5.324813631522897E-4
6.813878027128044E-4
0.0010722818770433748
2.686988397242583E-4
3.6124217560336085E-4
5.267488127845493E-4
5.324813631522897E-4
6.876809877524214E-4
7.161420571073839E-4
5.234947264390515E-4
5.324813631522897E-4
5.324813631522897E-4
3.581765697457769E-4
5.420576491640186E-4
4.581343563728648E-4
3.7020084302356523E-4
7.161420571073839E-4
3.6124217560336085E-4
3.7020084302356523E-4
6.807379755464873E-4
9.856530137831668E-4
3.581765697457769E-4
5.324813631522897E-4
3.7818972037302514E-4
3.7020084302356523E-4
5.234947264390515E-4
7.161420571073839E-4
1.73813464188191E-4
9.856530137831668E-4
2.2152536381857878E-4
2.2152536381857878E-4
7.161420571073839E-4
5.948982260934313E-4
3.810290478278563E-4
5.2651241599634E-4
3.7020084302356523E-4
2.9426601647889686E-4
3.7818972037302514E-4
5.234947264390515E-4
5.237321050704411E-4
0.0017005508159527206
2.264932427031137E-4
5.224096791903858E-4
5.234947264390515E-4
9.856530137831668E-4
3.7020084302356523E-4
3.581765697457769E-4
0.0014646439864771077
3.7818972037302514E-4
5.903877850882343E-4
2.0748910384267246E-4
3.023720907106185E-4
3.136517145131435E-4
2.1868288299986853E-4
5.234947264390515E-4
3.115648222066479E-4
5.948982260934313E-4
4.581343563728648E-4
6.807379755464873E-4
9.856530137831668E-4
9.856530137831668E-4
3.7818972037302514E-4
0.0017005508159527206
3.7020084302356523E-4
2.476546880340507E-4
4.954078484870997E-4
2.9426601647889686E-4
7.161420571073839E-4
5.183734750791879E-4
2.2557730205378102E-4
4.961325956428242E-4
5.324813631522897E-4
5.948982260934313E-4
5.324813631522897E-4
0.0019033034014315448
0.0011867556291658777
5.324813631522897E-4
6.807379755464873E-4
5.324813631522897E-4
5.859767466409908E-4
5.324813631522897E-4
2.9422264873482656E-4
3.810290478278563E-4
5.324813631522897E-4
5.324813631522897E-4
6.531771388001416E-4
1.2254869970241566E-4
0.0017005508159527206
1.5769976218253467E-4
5.324813631522897E-4
5.324813631522897E-4
5.324813631522897E-4
0.0017005508159527206
2.0641666644444085E-4
0.0016191158349393164
1.2465347144105217E-4
1.7152119495023271E-4
1.9135697940025963E-4
3.0639434008447803E-4
4.893599184884579E-4
5.324813631522897E-4
4.336589033598551E-4
5.324813631522897E-4
5.324813631522897E-4
1.8432047186040798E-4
5.324813631522897E-4
1.8841570903032335E-4
5.81929788249293E-4
5.324813631522897E-4
5.324813631522897E-4
2.621628710659068E-4
1.9135697940025963E-4
7.033229861350648E-4
5.324813631522897E-4
4.15795468841271E-4
7.161420571073839E-4
1.7065774092678802E-4
4.581343563728648E-4
5.224096791903858E-4
9.856530137831668E-4
1.6146384777024908E-4
2.5930888301467297E-4
2.1665929409187204E-4
4.15795468841271E-4
7.238689207606318E-4
7.161420571073839E-4
5.324813631522897E-4
5.324813631522897E-4
0.0011148637999597345
2.316897147690285E-4
1.949882408652158E-4
4.64474080191858E-4
1.7505274069275515E-4
2.729422857775703E-4
5.838998488170047E-4
5.324813631522897E-4
4.15795468841271E-4
9.091145224551287E-5
1.586331521956005E-4
3.534907306890864E-4
2.1245841025058877E-4
1.7216992572694186E-4
2.648196780106509E-4
0.0016191158349393164
3.9550013362434815E-4
5.324813631522897E-4
5.050254547245651E-4
5.324813631522897E-4
5.838998488170047E-4
5.414163731924117E-4
5.324813631522897E-4
4.64474080191858E-4
3.29251796854546E-4
3.810290478278563E-4
1.9380082660813228E-4
9.587298003012226E-4
5.324813631522897E-4
3.83744277914769E-4
1.1144958763652574E-4
5.324813631522897E-4
1.9884773541580257E-4
4.502563826818879E-4
9.587298003012226E-4
5.324813631522897E-4
3.7381772232964535E-4
6.468832244407665E-4
5.324813631522897E-4
0.0010046241418513633
5.324813631522897E-4
0.001209932865589078
5.838998488170047E-4
1.0142502155281708E-4
1.7152119495023271E-4
1.0889581431994289E-4
9.587298003012226E-4
5.372725456051393E-4
5.324813631522897E-4
5.324813631522897E-4
7.515484506499004E-4
3.023720907106185E-4
5.324813631522897E-4
5.324813631522897E-4
5.324813631522897E-4
1.8432047186040798E-4
4.502563826818879E-4
2.2832366860258245E-4
5.324813631522897E-4
3.263699296944517E-4
0.0012724112639090905
2.0553544753109258E-4
4.2921305589956537E-4
8.993282179066227E-4
9.587298003012226E-4
0.004804747100878804
5.372725456051393E-4
5.324813631522897E-4
8.936750150807659E-5
0.0019033034014315448
0.0010046241418513633
5.324813631522897E-4
5.324813631522897E-4
1.6857450190248366E-4
5.029247780482427E-4
6.326519417134953E-4
8.553164541964938E-4
5.324813631522897E-4
4.954078484870997E-4
2.4425878825074844E-4
5.324813631522897E-4
2.3563041823807361E-4
9.154687740531743E-4
5.903877850882343E-4
5.790642193594565E-4
2.1838977007340656E-4
9.248908327030385E-4
5.324813631522897E-4
5.38565042798773E-4
5.324813631522895E-4
1.598312813363413E-4
3.7379483970617264E-4
1.2101849162552039E-4
3.29251796854546E-4
5.324813631522897E-4
5.324813631522897E-4
2.1245841025058877E-4
5.377401352232858E-4
5.324813631522897E-4
1.7152119495023271E-4
2.1344013656433202E-4
9.091145224551287E-5
1.2650136479312025E-4
0.004804747100878804
2.1027016922470386E-4
5.324813631522895E-4
5.948982260934313E-4
5.050254547245651E-4
1.0669658766654856E-4
1.7065774092678802E-4
2.53702950253123E-4
1.3858898283977428E-4
5.324813631522897E-4
3.1286751962012263E-4
6.807379755464873E-4
9.587298003012226E-4
1.9282950690714968E-4
1.4446275720436585E-4
1.4851291975411253E-4
5.505556632171719E-4
5.324813631522897E-4
5.324813631522897E-4
8.993282179066227E-4
3.5718669964388255E-4
5.324813631522897E-4
5.324813631522897E-4
7.476402157466804E-4
5.474584202752052E-4
5.324813631522897E-4
9.587298003012226E-4
3.8229306250573726E-4
3.1286751962012263E-4
5.069280613077956E-4
9.587298003012226E-4
0.00131060740217323
5.324813631522897E-4
7.125883480584384E-4
4.64474080191858E-4
4.618898842670498E-4
9.587298003012226E-4
5.324813631522897E-4
2.3563041823807361E-4
2.3977549914483008E-4
8.358839723256831E-4
7.153820730123235E-4
4.893599184884579E-4
4.843642819148603E-4
5.838998488170047E-4
1.686918956129419E-4
5.324813631522897E-4
3.887949418164854E-4
5.324813631522897E-4
5.414163731924117E-4
9.587298003012226E-4
3.840264749699841E-4
1.2713995945550768E-4
8.358839723256831E-4
4.64474080191858E-4
4.457189247406427E-4
7.61229408071012E-4
6.152468911989974E-4
9.353211094779819E-4
1.9131572634660928E-4
2.3353383941049921E-4
0.00131060740217323
1.5172439898174066E-4
5.324813631522897E-4
1.9282950690714968E-4
0.00127402412896986
3.1286751962012263E-4
4.358920960593428E-4
3.90071122618056E-4
2.3353383941049921E-4
1.6860824758344555E-4
1.0142502155281708E-4
5.324813631522897E-4
1.0328302302522861E-4
1.7332215230146225E-4
2.5930888301467297E-4
5.324813631522897E-4
4.710245310898287E-4
3.3543038951468283E-4
5.47107413007859E-4
6.152468911989974E-4
5.838998488170047E-4
4.581343563728648E-4
1.1144958763652574E-4
3.8229306250573726E-4
5.324813631522897E-4
9.353211094779819E-4
5.894268870221037E-4
9.587298003012226E-4
1.8272808343632448E-4
9.587298003012226E-4
1.0328302302522861E-4
4.961325956428242E-4
3.1740389551934115E-4
5.324813631522897E-4
9.587298003012226E-4
2.2318858421009857E-4
2.3353383941049921E-4
8.936750150807659E-5
5.273443775597676E-4
8.358839723256831E-4
4.1936887790756396E-4
8.936750150807659E-5
7.033229861350656E-4
1.7910582345770517E-4
3.887949418164854E-4
4.3954730006609826E-4
2.5930888301467297E-4
2.3334693348911627E-4
5.324813631522897E-4
5.324813631522897E-4
7.187278524739436E-4
3.06135187848527E-4
5.324813631522897E-4
4.875722482513285E-4
1.8848203265466615E-4
4.961325956428242E-4
4.138850522223158E-4
1.1468829360203163E-4
8.936750150807659E-5
1.2033388285137504E-4
5.324813631522897E-4
9.305499550234189E-5
0.0019033034014315448
3.8594984670371583E-4
5.069280613077956E-4
3.4670431688442027E-4
2.1027016922470386E-4
2.61141754256202E-4
1.9131572634660928E-4
2.738475581926062E-4
5.324813631522897E-4
5.324813631522897E-4
2.496006389776359E-4
5.324813631522897E-4
1.2462105729835605E-4
4.893599184884579E-4
1.579152007074993E-4
5.414163731924117E-4
1.8432047186040798E-4
4.40022455717099E-4
9.763954721460137E-4
1.3970989378035334E-4
1.3396628307334597E-4
4.336589033598551E-4
6.101146382981805E-4
5.189010013923117E-4
9.587298003012226E-4
0.004804747100878804
6.109241343391113E-4
4.138850522223158E-4
5.324813631522897E-4
9.353211094779819E-4
1.1050765461945268E-4
2.686988397242583E-4
6.807379755464873E-4
5.324813631522897E-4
2.5930888301467297E-4
5.324813631522897E-4
5.984359349587809E-4
8.324150342082941E-5
0.0012384693056971194
3.974566602818815E-4
2.1797589731982752E-4
2.1292243940943694E-4
7.066910649978651E-4
2.8571163174618847E-4
2.3816180302758063E-4
2.3552827709135446E-4
5.803845654815217E-4
5.324813631522897E-4
0.004804747100878804
5.324813631522897E-4
5.224096791903858E-4
5.324813631522897E-4
5.324813631522897E-4
5.803845654815217E-4
5.324813631522897E-4
1.7416495816785033E-4
2.090946643613109E-4
0.0015159088539721092
9.900420787242164E-4
1.7910582345770517E-4
3.6383588704446464E-4
5.324813631522897E-4
4.0323949613881515E-4
6.807379755464873E-4
5.344904150640283E-4
3.7543402619304666E-4
9.856530137831668E-4
5.324813631522897E-4
4.4517693831570436E-4
5.420576491640186E-4
0.00131060740217323
7.574628570553308E-4
1.8140765723197953E-4
0.0012724112639090905
3.5763524519255444E-4
5.324813631522897E-4
4.893599184884579E-4
0.0012582395336885313
4.961325956428242E-4
5.324813631522897E-4
1.2251107419050027E-4
2.577481695144699E-4
4.954078484870997E-4
5.324813631522897E-4
5.505556632171719E-4
3.3940200567439004E-4
5.324813631522897E-4
3.193624634329836E-4
0.0012824966929191317
5.324813631522897E-4
1.5131931410784273E-4
7.574628570553308E-4
5.324813631522897E-4
1.7910582345770517E-4
6.152468911989974E-4
3.7020084302356523E-4
6.807379755464873E-4
2.3563041823807361E-4
4.5298120384490827E-4
4.146029860742748E-4
5.948982260934313E-4
5.324813631522897E-4
1.7152119495023271E-4
6.708931712135202E-4
4.5298120384490827E-4
5.324813631522897E-4
4.176792728654323E-4
3.7543402619304666E-4
7.894842786284556E-4
0.0014534652485764378
5.324813631522897E-4
4.954078484870997E-4
5.154858546352534E-4
1.8695130353808207E-4
5.324813631522897E-4
9.856530137831668E-4
3.581765697457769E-4
7.61229408071012E-4
6.807379755464873E-4
5.246277224615305E-4
2.474983625531373E-4
5.324813631522897E-4
0.0012347823020275905
3.7381772232964535E-4
4.068727774498021E-4
1.2349661869691365E-4
4.068727774498021E-4
5.324813631522897E-4
2.775032425720598E-4
5.324813631522897E-4
5.903877850882343E-4
4.893599184884579E-4
2.1344013656433202E-4
2.383081455408652E-4
9.617320683417352E-5
5.324813631522897E-4
1.1144958763652574E-4
4.4517693831570436E-4
5.505556632171719E-4
4.581343563728648E-4
1.987449579907642E-4
5.324813631522897E-4
4.068727774498021E-4
5.135826555651593E-4
1.9517814501164338E-4
5.324813631522897E-4
3.6772743292489557E-4
9.353211094779819E-4
7.238689207606318E-4
7.033229861350648E-4
1.7216992572694186E-4
4.068727774498021E-4
2.833447348269668E-4
5.324813631522897E-4
1.7039403620873272E-4
1.9135697940025963E-4
2.8582339022288844E-4
3.7381772232964535E-4
2.0641666644444085E-4
0.0010046241418513633
3.263699296944517E-4
2.2832366860258245E-4
1.3585706999739186E-4
1.9517814501164338E-4
2.1125717059143338E-4
5.324813631522897E-4
5.324813631522897E-4
6.725839484706226E-4
5.324813631522897E-4
3.3940200567439004E-4
2.2923309327590213E-4
5.838998488170047E-4
8.87127912398337E-4
2.07978677868617E-4
5.324813631522897E-4
7.033229861350649E-4
1.6183477478668156E-4
5.324813631522897E-4
1.9181877595715347E-4
3.887949418164854E-4
5.223840373815784E-4
1.7152119495023271E-4
2.1014470792297417E-4
5.324813631522897E-4
5.324813631522897E-4
0.0015159088539721092
2.0750398714579823E-4
4.893599184884579E-4
5.377401352232858E-4
0.002308520544127678
5.324813631522897E-4
2.877973205634907E-4
9.854142395412679E-5
9.587298003012226E-4
6.218008261583747E-4
6.283392439365951E-4
2.3353383941049921E-4
4.2406149579678513E-4
7.476402157466804E-4
2.8571163174618847E-4
3.8229306250573726E-4
4.4211332006415134E-4
5.324813631522895E-4
2.22038723297487E-4
5.324813631522897E-4
7.033229861350656E-4
5.324813631522897E-4
1.9282950690714968E-4
5.45456068747541E-4
3.887949418164854E-4
8.606046968645724E-4
8.553164541964938E-4
5.420576491640186E-4
5.324813631522897E-4
6.531771388001416E-4
2.53702950253123E-4
2.474983625531373E-4
9.587298003012226E-4
3.7379483970617264E-4
4.457189247406427E-4
2.3334693348911627E-4
2.9080150054073325E-4
1.8432047186040798E-4
2.741964324413743E-4
3.6124217560336085E-4
5.420576491640186E-4
5.324813631522897E-4
7.066910649978651E-4
5.324813631522897E-4
8.324150342082941E-5
2.7685683948289945E-4
5.838998488170047E-4
9.587298003012226E-4
6.240155792996316E-4
2.7685683948289945E-4
2.07978677868617E-4
5.324813631522897E-4
5.324813631522897E-4
5.324813631522897E-4
1.3405982214523444E-4
8.341744592464068E-5
5.838998488170047E-4
0.004804747100878804
0.0012824966929191317
5.803845654815217E-4
4.4211332006415134E-4
2.6784675408291023E-4
5.324813631522897E-4
1.0371066397976078E-4
5.224096791903858E-4
5.803845654815217E-4
5.324813631522897E-4
8.358839723256831E-4
5.324813631522897E-4
2.5728717246245266E-4
5.414163731924117E-4
1.7698325633877727E-4
5.324813631522897E-4
4.4920029261868435E-4
5.324813631522897E-4
