1 2 3 4 5 6 7 8 
9 10 11 12 13 14 15 16 17 18 19 20 
21 22 23 2 
24 25 26 27 2 
28 29 30 31 32 33 28 
34 7 35 4 7 36 37 38 39 40 2 
2 41 35 42 7 43 44 45 43 46 47 48 7 
35 49 50 2 
51 52 53 2 
2 54 55 56 57 35 
58 35 59 60 61 54 55 2 
7 62 63 64 65 66 67 2 28 
28 68 69 70 71 72 73 74 75 
7 76 77 2 
7 61 67 78 1 24 2 
2 7 5 79 
7 80 81 82 2 
83 84 85 86 87 88 
7 89 90 91 92 93 2 28 
94 95 96 97 98 99 100 101 102 2 
83 103 104 105 106 
28 107 108 107 108 109 
7 110 111 112 113 2 
7 108 107 114 2 
7 115 116 117 113 2 
7 118 112 2 
41 119 120 113 121 98 122 123 124 2 
125 126 127 128 5 129 130 131 132 133 103 130 134 2 
35 135 7 136 7 112 137 2 
35 112 138 137 2 
7 139 67 140 141 2 
2 142 143 144 17 118 
7 145 146 147 148 149 150 2 
7 151 152 112 137 153 2 
7 154 155 2 
35 156 157 158 159 2 
2 7 160 161 162 163 153 164 104 
165 106 166 167 168 169 167 155 2 
170 171 28 172 173 174 175 176 2 
28 28 177 16 148 178 137 146 179 61 180 181 
95 182 183 184 185 164 153 186 187 2 28 
7 188 189 131 190 191 2 
7 110 192 2 
7 193 194 195 196 153 2 
197 103 198 89 199 200 201 202 203 2 
204 106 205 206 207 24 2 
7 208 209 2 
7 210 211 212 213 84 214 215 2 
2 62 137 216 112 217 218 89 
2 7 112 137 16 166 167 219 103 220 
7 112 137 2 
7 221 222 223 224 225 2 28 
7 224 222 226 2 
7 74 222 223 2 
7 112 137 2 
7 227 46 228 60 229 2 
7 230 231 232 215 233 234 2 
2 137 7 235 236 237 238 239 240 241 
7 242 23 2 
2 243 24 244 202 103 
244 24 245 246 247 248 2 
249 250 251 252 18 2 
253 131 103 221 254 255 2 
256 257 258 259 260 261 113 262 259 263 264 2 
221 177 265 35 266 267 89 199 84 268 2 
7 269 216 270 271 163 24 2 
7 2 272 273 274 275 
7 242 23 276 277 35 2 
35 278 2 
28 2 279 280 281 35 7 62 16 237 
7 282 92 2 28 
283 284 285 84 13 24 286 287 2 288 
7 151 289 290 291 292 293 2 
294 295 104 221 296 297 2 
2 202 131 190 298 18 299 300 
7 301 5 302 303 199 2 28 
2 220 304 139 305 306 307 308 309 301 221 236 310 
7 311 202 103 312 313 2 
314 187 315 316 317 2 
204 221 265 35 7 13 318 319 62 89 320 28 2 
2 35 112 256 209 7 
2 304 213 321 322 323 324 291 64 325 326 327 
7 204 328 256 143 329 330 291 292 84 329 2 
7 266 331 332 333 261 2 
2 103 221 7 131 190 298 35 299 300 334 335 237 
28 28 177 336 291 337 338 153 216 339 340 
7 308 329 341 342 2 
343 344 345 3 346 205 347 
7 348 137 4 349 137 350 2 
7 151 351 352 353 2 
354 294 355 189 336 356 357 2 
28 358 53 359 360 24 361 362 363 364 28 
7 103 365 2 
7 366 367 291 292 2 
2 368 369 177 370 371 372 373 374 375 376 377 378 
2 7 379 77 35 61 380 381 382 
7 337 24 383 2 
384 385 157 293 7 28 2 
7 242 23 221 386 387 387 89 89 388 389 390 2 
2 7 177 344 18 391 
332 392 393 394 257 104 221 395 396 397 398 399 28 2 288 
7 400 401 156 16 2 
402 7 403 404 372 35 146 405 319 406 407 2 
35 337 24 383 387 25 2 
7 408 409 2 
2 35 410 411 293 412 7 413 293 
7 220 414 2 
28 28 35 415 225 104 221 416 417 
418 419 221 418 241 2 
7 420 23 35 257 372 103 421 422 2 
62 267 423 424 24 2 28 288 
35 231 425 426 427 157 428 147 2 
28 429 418 430 431 432 326 433 28 
314 53 434 273 435 
35 436 437 438 133 45 329 423 439 2 
35 89 440 28 2 
35 336 441 257 350 2 
7 442 242 23 2 
2 443 3 345 444 
7 242 23 445 446 447 448 18 244 449 2 
7 450 2 
28 28 183 451 177 452 453 454 308 455 456 457 7 
2 231 369 61 458 459 61 390 460 461 
7 462 209 463 146 464 2 
2 465 459 466 459 161 467 50 423 424 468 161 
469 35 112 137 292 288 2 
25 103 470 62 29 28 2 
7 471 386 124 112 137 2 
35 472 415 473 198 474 2 
7 462 194 35 475 464 2 
7 139 476 477 302 137 198 478 198 239 2 
7 479 480 481 2 
2 482 483 475 62 443 484 485 424 
486 487 114 2 
35 112 137 488 292 2 
35 489 490 491 28 2 
35 492 137 292 2 
334 493 494 495 410 133 28 288 2 
423 424 496 24 2 28 
7 492 137 292 2 
2 44 497 498 499 264 
35 500 161 257 501 502 44 497 498 499 2 
7 257 501 503 2 
504 505 35 131 103 174 28 2 
506 507 48 257 508 509 510 511 512 513 28 2 
7 2 257 501 514 278 515 511 516 517 
28 518 7 62 344 519 491 28 
520 112 2 
294 521 522 257 292 2 
7 204 198 523 524 525 526 2 28 
7 527 257 501 528 529 2 
7 530 520 89 531 532 457 2 
533 315 534 444 535 32 103 221 536 2 
53 35 308 205 537 28 2 
7 538 539 540 541 542 543 539 544 545 546 2 
284 547 548 137 7 549 225 550 89 199 7 2 
551 552 553 554 
2 555 454 146 556 146 557 558 559 464 560 
257 501 204 7 2 
2 561 35 7 562 321 563 498 499 564 565 566 
567 326 568 236 199 569 146 570 571 572 573 574 
7 110 575 2 
35 257 429 576 257 312 280 28 2 
7 577 231 369 578 579 2 
7 492 137 292 2 
16 133 61 369 84 580 369 2 
28 2 369 581 429 582 131 7 
7 530 520 89 531 532 457 2 
292 257 292 257 292 257 292 257 292 257 2 28 
2 7 583 464 292 257 417 584 
585 7 586 587 588 589 590 591 592 593 594 
2 177 595 596 476 487 429 
28 28 257 143 597 113 598 
2 7 599 516 456 600 538 7 601 16 602 396 603 
198 35 604 605 606 538 539 481 2 
7 442 607 479 608 609 610 611 612 2 
613 108 437 605 614 329 216 456 14 615 572 
7 131 462 194 463 332 392 147 2 
616 617 602 618 619 143 620 621 622 28 2 288 
35 84 283 623 624 625 210 289 626 627 628 2 
629 257 146 630 2 
631 257 28 2 
2 632 633 146 619 630 634 16 635 259 636 205 445 637 
638 639 640 7 641 642 2 
35 146 630 643 629 257 2 
7 644 500 146 645 274 2 
38 7 257 508 646 131 117 2 
2 647 648 649 273 274 255 344 650 
2 651 106 205 652 273 274 
7 653 273 274 654 2 
28 28 7 655 131 656 657 274 658 659 48 660 661 
662 17 663 649 2 28 
664 538 544 665 666 2 
2 304 667 16 143 236 668 669 18 670 671 371 672 
7 16 272 673 105 674 675 2 
676 274 677 133 626 390 678 498 237 2 
7 112 137 2 
7 679 89 273 274 680 681 317 682 2 
35 683 684 199 445 84 28 288 2 
685 673 7 308 89 256 28 2 288 
686 35 266 687 28 2 
2 632 633 688 689 690 29 691 692 693 44 694 695 673 
696 634 241 697 329 2 
28 134 698 699 519 700 103 583 701 28 
35 702 521 112 137 693 50 2 
7 242 23 581 276 114 205 2 
37 703 704 294 89 199 204 446 2 28 288 
7 16 272 673 265 705 162 673 50 2 
706 106 441 420 420 707 369 251 708 706 2 288 28 
35 336 186 709 710 7 216 711 712 317 713 28 2 288 
35 266 413 214 214 7 714 556 599 396 673 310 2 
7 103 35 35 103 2 
28 245 715 110 150 252 117 29 308 576 28 
7 462 194 35 716 717 2 
7 718 719 2 
720 721 35 156 138 722 310 7 28 2 
2 264 210 210 210 210 
2 304 632 723 156 724 722 310 725 133 726 727 
7 728 77 35 156 722 310 2 
214 729 730 29 731 146 28 288 2 
7 732 733 372 2 
7 712 317 272 370 722 734 131 598 310 735 68 288 2 
53 292 257 514 736 278 459 150 250 2 
28 326 98 737 491 738 372 7 739 330 625 28 
2 304 420 740 655 310 722 
7 666 89 741 549 174 742 2 
721 626 7 61 138 743 744 2 
35 281 7 7 745 326 746 747 281 735 68 288 2 
28 326 139 236 137 748 177 578 50 749 750 28 
35 599 7 95 372 7 746 654 35 17 625 2 
28 288 2 37 454 280 751 752 745 
2 264 35 185 396 753 754 755 756 
757 48 422 204 758 759 670 
28 760 761 694 762 763 764 62 765 50 766 28 
561 767 768 769 411 2 
2 632 723 139 770 771 304 772 773 774 775 776 43 777 778 
7 500 16 779 2 
7 780 781 782 2 
312 783 35 767 784 785 688 786 2 
7 479 35 771 2 
251 7 787 788 595 771 789 790 791 183 792 28 2 288 
28 392 771 538 793 794 28 
795 16 133 779 796 161 797 2 
7 742 798 243 799 2 
7 800 221 801 35 498 280 274 308 272 28 2 288 
7 104 802 35 35 104 803 372 804 209 7 2 
35 805 599 95 806 283 2 
35 772 771 807 2 
2 808 24 809 293 
7 16 35 308 23 771 2 
7 810 422 2 
35 124 143 791 811 812 625 210 426 813 498 814 2 
2 686 47 815 534 444 816 
2 35 16 7 410 225 
162 817 818 819 820 767 61 821 822 28 288 2 
823 820 767 824 825 735 68 288 2 
250 35 826 771 741 221 423 726 511 827 28 2 288 
35 771 785 2 
828 35 162 829 819 820 767 830 198 821 2 
828 831 832 294 3 206 833 199 28 2 
326 216 464 28 288 2 
28 834 45 402 597 835 28 
255 836 129 599 151 196 7 2 
7 16 35 156 802 2 
837 328 790 838 839 190 298 62 16 28 2 
840 392 294 464 28 2 
2 35 771 77 7 810 841 35 635 628 783 
842 678 609 17 118 2 
7 625 843 729 64 844 2 
845 697 846 847 848 849 372 95 2 
35 498 850 851 77 852 787 853 854 855 856 60 156 2 
2 7 857 280 50 858 61 605 292 858 859 
7 857 140 22 230 131 860 28 2 
28 28 326 7 266 103 861 139 861 862 24 103 863 659 
7 280 24 864 218 2 
865 866 2 
867 11 868 261 174 869 870 204 48 133 225 
871 670 872 873 874 875 876 670 146 113 2 
7 631 673 50 847 188 877 878 879 259 880 881 438 2 
62 882 883 742 741 28 2 
35 884 64 844 2 
885 886 887 29 2 
308 888 2 
7 89 221 889 62 697 848 2 
143 847 890 13 188 2 
35 847 891 2 
2 847 50 
28 892 888 326 269 221 153 893 894 221 519 895 28 
329 729 896 734 897 114 2 
288 28 2 35 498 280 415 
898 16 779 
24 848 372 2 28 899 
11 900 901 902 903 28 288 2 
104 221 302 127 896 370 2 
2 35 904 77 847 16 7 410 217 561 
35 905 847 824 2 
906 907 68 242 908 370 909 910 103 225 204 
2 177 328 89 847 
911 146 674 308 146 134 723 912 913 28 2 288 
914 367 915 50 28 2 
312 204 220 24 371 103 103 95 2 
312 204 220 24 371 103 103 95 2 
2 634 369 24 694 310 139 242 729 848 221 294 
28 402 916 
7 35 7 185 177 111 917 918 2 7 104 802 919 
28 688 920 854 153 900 921 631 922 508 923 924 28 
2 3 346 16 673 241 619 767 925 926 927 928 929 35 7 237 
93 294 242 23 930 931 932 854 293 931 2 
7 95 61 673 741 638 236 933 2 
24 218 280 2 
934 847 50 935 936 937 938 939 397 940 941 793 28 2 
2 942 95 943 
7 104 944 945 946 947 948 216 765 949 950 2 
7 951 654 635 952 2 
953 954 955 956 28 2 
198 113 235 138 957 2 
958 270 959 7 2 28 
2 7 960 872 941 961 673 
951 322 767 677 635 962 177 413 2 
7 963 942 964 194 433 2 
2 7 960 658 153 965 221 329 474 153 89 
7 273 966 137 387 670 231 967 2 288 
35 16 7 410 231 372 202 675 2 
311 328 7 89 968 785 29 787 84 969 122 17 2 
135 970 971 705 972 973 2 974 
975 976 35 498 280 16 977 978 2 
613 979 980 134 
7 945 981 678 982 35 983 767 854 673 2 288 
984 308 945 985 7 986 987 988 
28 989 990 991 992 993 994 197 28 
236 995 177 280 996 678 2 28 288 
7 997 156 998 2 
7 766 999 1000 1001 1002 95 2 
7 202 826 625 1003 767 1004 1005 4 4 697 316 2 
294 1006 245 174 270 183 270 2 288 
7 1007 790 791 625 16 1008 1009 372 468 1010 2 
1011 1012 166 541 150 842 2 
7 462 194 1013 925 1014 2 
7 1015 842 1016 392 2 
1017 7 767 28 264 279 
2 7 1001 841 287 62 1018 1019 7 91 1020 
7 20 190 35 963 410 242 767 1021 1022 2 
7 745 463 1023 195 1024 1025 2 
28 28 267 1026 415 225 24 
1027 84 174 7 514 605 848 2 
113 1028 1029 1030 2 
1031 966 156 814 1032 24 880 236 24 1033 293 
7 1034 372 1028 35 474 2 
7 131 224 1035 216 1036 1037 1038 1039 202 1040 753 2 
7 1041 1042 603 2 
1043 24 62 89 2 
28 28 823 805 635 1044 7 664 1045 599 35 1046 37 1047 225 1048 
7 1049 705 2 
7 16 1050 369 519 678 131 677 77 1049 77 2 
463 198 1051 1052 1053 824 2 
7 266 204 445 1054 35 2 
1055 35 24 608 1056 294 291 745 288 28 2 
28 329 216 750 1057 790 872 1058 894 28 
1059 261 174 178 7 103 35 2 
7 1060 439 614 1061 336 1062 1063 1064 1065 1066 261 2 
1067 610 1068 331 610 1069 329 1070 1071 508 1072 331 265 1073 2 
7 998 529 2 
89 1074 62 358 1075 369 28 288 2 
1076 2 
336 127 902 1077 108 902 1077 2 
1078 1079 1080 1081 2 288 
28 2 1082 177 1083 1084 1085 1086 174 237 1087 
655 7 204 746 103 35 269 746 1088 269 1089 1090 2 
35 89 1074 1091 1092 1093 24 28 288 2 
150 7 2 
28 28 1094 7 1095 1096 1097 174 267 1098 
7 717 1099 1030 131 1100 2 
7 1101 77 2 
1102 145 16 133 198 1103 1099 388 1104 681 177 265 117 
7 1105 2 
7 674 1106 50 1107 1108 694 1109 1099 29 2 
7 370 966 329 1110 50 447 1111 2 
2 1112 517 1113 1114 438 1115 975 1116 1117 1116 
7 802 1118 2 
7 966 410 23 973 1119 424 2 
426 1120 294 655 694 1121 470 1122 598 288 2 
18 1123 1124 1125 1126 996 1127 1128 2 
19 7 1129 1130 1131 261 61 174 2 
2 104 221 7 257 1132 60 291 1133 1134 118 
28 28 61 61 225 1099 275 1135 177 265 1136 1137 
7 1138 910 5 302 566 2 
7 1139 463 1023 1099 1124 2 
2 288 177 1019 317 112 137 
28 2 1140 177 1 198 1082 18 16 705 410 1141 
133 1126 1142 1143 2 
7 746 103 35 2 
28 2 614 1144 619 787 1145 331 1146 1147 544 1148 1149 1150 1151 
7 198 1152 614 453 705 2 
28 2 1153 308 1154 261 174 742 1155 1156 263 117 
1152 614 1157 1158 2 
177 328 1159 1160 420 1161 533 1162 2 
828 1163 7 704 1164 1165 38 410 704 1166 28 2 
7 1167 857 1168 2 
1102 170 3 972 383 62 839 
1169 1170 1171 2 
204 5 1172 7 202 1173 35 36 627 628 28 
7 308 390 926 1174 1175 28 
1176 269 7 1177 199 900 677 62 301 1178 1179 454 1050 28 
1180 159 606 162 1181 508 270 1182 28 
498 48 1183 1184 50 1185 48 329 1186 35 498 1187 28 
231 372 35 216 16 675 95 1188 1189 28 
1190 7 1191 251 48 697 1191 848 28 
95 1192 614 1193 854 1194 261 265 141 972 1192 614 28 
7 272 666 185 705 288 28 
666 35 328 1195 278 691 288 28 
28 2 751 1196 131 103 690 1197 1198 
288 28 1199 137 417 1200 35 1201 673 
1202 508 1203 1186 753 1204 84 373 396 625 1205 28 288 
665 787 1157 179 1206 439 29 1207 28 1208 1209 795 61 1075 
35 697 7 675 95 1210 1211 24 910 112 104 221 28 
1212 1162 1 862 24 288 28 28 
28 288 35 89 401 1213 28 288 
463 835 725 1214 4 1215 474 28 
1216 977 61 1217 1218 24 1219 28 
396 28 
212 785 1220 7 436 1028 1221 28 
1153 1222 216 1223 60 7 84 608 1056 28 
1224 3 345 896 28 
688 786 641 329 71 1225 288 28 
1226 1227 322 1228 1229 28 1230 
1231 1232 447 1233 1234 1177 1235 236 1236 35 902 89 753 28 288 
212 785 790 198 1002 28 288 
28 2 751 1196 131 103 690 1197 1198 
7 1237 848 28 
255 216 17 257 1238 1239 1133 28 
900 7 62 1240 89 35 1241 2 
517 1114 1242 146 1243 753 1114 2 1244 
7 104 221 50 1245 1246 617 28 
62 678 1247 288 28 
28 148 1094 24 1248 1249 976 
7 103 735 35 1250 24 28 
198 369 280 89 1185 62 216 922 61 1251 747 28 
288 28 35 13 198 266 216 786 
1252 561 35 244 1253 294 1254 281 28 288 
463 189 1255 28 
28 1256 1257 498 1199 1033 23 329 1258 1259 581 1260 453 
288 28 1261 498 1262 1263 634 790 
1249 628 29 35 28 288 336 116 7 1264 
1265 35 1249 628 28 
1249 628 1266 261 184 1267 1268 202 628 1258 28 
53 1115 1269 1270 288 28 
28 35 498 216 741 771 308 1271 204 1272 
35 48 16 7 1273 138 163 723 185 7 1274 619 441 675 723 216 902 1095 1274 441 902 28 
977 390 1275 131 90 204 1272 2 
7 1276 35 1277 1278 216 28 
633 1262 1279 790 1249 628 29 636 261 184 202 1236 261 184 1280 28 
561 1281 1282 1283 1 1284 338 28 
35 335 1285 1286 1287 28 
1288 7 204 1289 269 221 369 269 179 1290 28 
567 1291 628 1292 1293 749 225 628 678 2 
163 7 1294 1270 293 28 
1022 1295 1296 808 1297 221 1295 28 
7 35 84 28 2 
1195 278 399 278 1296 62 390 2 
691 628 677 133 390 725 250 302 183 1298 1299 267 2 
53 1249 628 35 177 1262 634 280 1300 7 1300 28 288 
626 35 1291 156 84 7 280 44 1090 288 28 
28 28 156 84 648 131 7 104 1301 
626 35 420 156 1302 28 
1153 137 224 1303 1304 179 635 163 1305 1286 800 28 
28 304 1306 1307 1267 1308 108 1106 50 35 84 151 673 1309 1310 
28 1311 913 673 945 1312 216 699 
673 434 336 1082 1313 28 
519 198 23 453 7 272 23 370 28 
626 35 420 1127 156 28 
1314 410 413 62 336 1315 28 
463 835 725 1214 498 4 1215 474 28 
1316 61 35 308 329 673 16 179 972 28 
35 598 7 1317 1318 394 1186 28 
288 28 2 294 89 199 35 84 236 321 1319 1320 78 
198 1076 24 163 35 162 316 1321 372 28 
1322 561 259 137 1323 224 28 
696 370 569 442 1164 145 635 792 28 
7 1152 614 1193 1324 2 842 1157 1146 1325 7 236 1146 464 
1326 1327 237 1328 29 317 24 1094 1329 28 288 
1330 7 156 498 84 673 177 1331 293 78 28 
255 1332 1333 1334 7 312 1335 1336 1337 722 28 2 288 
28 243 1338 16 243 1338 16 700 7 1339 1258 
28 95 294 1340 1341 1342 
269 626 35 308 28 
420 631 688 1343 1344 24 1345 28 
148 18 127 177 1346 221 1347 1083 1250 678 28 
153 1348 50 1349 631 202 504 35 1350 28 288 
1351 891 7 272 24 1352 89 1353 426 673 1074 670 487 28 
28 288 1354 62 772 84 
35 532 372 218 1355 909 28 288 
35 599 294 1356 195 673 50 137 28 
124 84 889 977 174 28 
1357 350 498 23 1259 2 
676 35 113 411 673 1358 1359 1360 1026 177 697 1272 48 28 288 
174 742 7 62 549 112 137 214 214 7 28 
177 697 1361 1362 1363 444 260 1198 1364 1001 2 
139 842 1365 231 372 1127 1366 28 
288 28 1367 62 673 1368 1369 1159 1160 108 1370 
1224 3 345 896 28 
7 745 463 634 673 2 
280 1371 1372 626 7 28 
28 28 35 272 1373 257 259 1374 1045 1375 1376 1377 417 8 236 
551 18 18 61 1378 673 103 221 892 308 205 
198 24 453 454 1379 18 670 28 
1380 1381 1382 62 336 1383 514 1384 1385 568 28 
1066 1386 493 1387 35 16 1145 1286 609 28 
972 1388 188 1389 127 61 189 189 1390 28 
4 62 1391 336 1392 1337 1393 28 
1394 1395 84 787 1396 1397 261 28 
7 103 221 202 308 36 1141 28 
1218 28 
28 35 108 1398 619 1399 1400 
28 610 1401 609 508 331 64 1402 
2 35 198 159 1403 707 599 656 60 1404 
498 1405 23 28 
1406 16 519 1157 329 392 332 392 288 28 
1407 1408 50 257 216 453 28 
369 498 605 1409 1410 1411 1272 28 
62 498 1412 50 1413 1206 35 44 508 453 60 369 28 
1414 1415 47 4 1416 811 162 1417 266 1418 7 1419 28 
28 632 633 1420 429 1407 1421 1422 1423 1186 293 1109 1424 392 
453 272 673 210 50 28 
35 707 1425 1426 1425 1427 392 1428 28 
1429 1041 189 7 28 
2 1430 1431 610 1432 130 1058 280 1431 
7 103 221 1433 28 
7 498 84 199 84 434 206 28 
28 1140 196 1434 202 1435 1436 429 694 858 
7 1437 673 1438 688 786 1036 674 1439 1440 288 28 
1441 302 133 143 1394 7 1125 16 28 
686 16 1442 1443 1444 1231 1445 1443 28 288 2 
35 498 1446 28 
1447 1448 1449 1450 242 1451 1452 1453 28 288 
28 288 2 1441 900 1454 1455 369 221 7 
35 308 396 396 1456 28 
7 420 802 35 156 1457 103 1198 28 1230 
1017 48 1023 429 1276 673 50 707 370 28 264 279 
1224 133 48 370 1458 902 1409 255 254 108 1394 28 
1459 1460 294 1221 1461 103 1374 896 1462 28 
700 35 1463 521 216 84 568 216 84 28 
35 301 1464 84 199 447 1330 28 
28 1325 198 210 95 634 670 787 681 317 598 
350 1441 1267 694 1121 259 1465 402 331 28 
84 7 174 1132 369 1466 1467 131 792 966 1222 28 
1468 326 4 1469 266 44 117 39 84 28 
7 265 1470 1471 1472 288 1473 28 
35 532 1129 508 394 481 1474 28 288 2 
410 1475 899 1476 1477 1478 1022 675 28 
326 995 7 84 1479 706 1480 390 28 
1481 556 131 1482 1483 28 
757 283 284 1050 4 28 
1199 1335 321 1210 159 138 127 28 
1050 7 221 1050 1484 1485 1486 28 
1022 7 266 397 35 619 198 1487 1488 28 
1489 7 84 1358 1490 28 
1055 35 24 608 1056 785 741 288 28 2 
28 304 1491 1492 498 1493 1494 329 1427 61 854 392 723 
198 134 287 13 1495 1496 7 104 1497 28 
1022 294 599 35 1498 1499 28 
1500 28 288 24 1 1501 
977 1502 326 1503 1504 28 1505 
7 202 48 816 113 315 1506 2 
742 712 681 317 275 308 89 1446 1507 1507 28 1230 
28 288 2 700 7 146 1508 972 1509 1510 
344 1511 7 89 1427 28 
1512 294 189 28 
1513 174 742 28 
11 7 854 392 1427 36 146 1509 1510 28 
4 7 16 1514 1514 603 603 28 
35 266 16 61 858 900 38 272 345 7 28 288 
174 742 7 870 44 89 1515 874 221 35 28 
28 7 1516 1517 392 1427 
7 198 35 1446 498 1074 790 1518 1512 681 317 202 1249 1519 1520 28 
1521 7 61 1427 1521 35 1427 677 7 146 1427 302 1522 28 288 
28 7 266 272 451 89 35 1523 1524 
7 599 35 1492 2 
7 1525 1526 1482 649 28 
1493 719 28 
288 28 35 48 16 7 410 601 7 1527 1372 1528 
7 44 1127 634 706 1493 1493 1529 288 28 
1288 328 1530 35 1446 1531 37 37 37 675 1532 7 28 
1022 7 854 392 1427 162 146 1427 1510 372 28 
1509 1510 132 1480 146 7 1533 28 
7 301 48 1534 270 16 35 62 84 1535 301 84 2 288 
7 599 35 1498 359 599 360 31 2 
7 753 442 1536 1537 1538 1539 1540 2 
1082 1541 1542 1543 1542 1099 1544 2 
7 1545 28 
7 1546 1043 1040 1161 28 
1326 1547 28 35 89 1548 146 1082 89 370 146 345 1549 
7 312 1550 106 1138 545 514 28 
162 369 16 1551 174 1551 174 28 
89 1552 1553 18 1554 1023 294 1555 1396 673 28 
35 498 972 1556 1557 1558 210 1559 410 190 28 
7 84 106 415 2 
7 1028 221 619 28 
146 1509 1510 1560 854 392 1427 95 28 
28 288 686 89 1561 454 
977 16 854 392 858 146 859 2 
308 1534 1562 89 7 28 
28 1563 1564 
7 61 1427 854 392 753 1427 895 1565 336 1566 1567 28 
7 576 1441 1267 1568 1569 785 972 1199 959 1124 2 
1385 122 1570 1571 28 
11 7 204 392 1427 266 453 1572 1573 28 
706 390 673 1373 1574 820 131 1575 28 
420 686 1576 189 28 
28 1577 261 1446 1578 174 
95 7 721 103 369 190 28 
28 53 53 7 61 174 599 1356 1161 7 
28 1579 7 1028 62 221 619 
28 288 124 131 7 1580 858 1434 217 598 
7 48 1571 1581 28 
35 1582 418 893 50 516 1583 372 321 1584 28 
28 29 1585 369 1423 1310 979 1586 678 28 
1587 62 1588 18 1589 133 301 1590 872 705 972 972 367 62 174 28 
7 189 1591 28 
24 245 517 1592 28 
28 7 498 1317 854 1593 321 1594 
889 7 216 854 392 159 28 
35 209 1423 429 1423 1186 1595 28 
7 656 189 28 
216 108 163 1374 1045 288 28 1596 
35 707 1425 1426 1425 1427 392 1428 28 
1597 148 1510 1598 1 24 267 1055 72 24 133 1599 1600 28 
7 1427 35 1601 1602 334 61 787 1603 1604 1605 1606 28 288 
498 1607 1584 1608 734 317 392 321 1584 28 
105 225 62 129 1609 1610 370 62 84 28 
7 854 392 1427 221 1358 1043 787 1611 1612 742 1613 28 
1614 1615 749 1616 1617 1423 1186 28 
498 321 1584 114 221 317 221 1122 598 145 131 288 28 
28 2 1618 561 1140 
28 225 1619 1276 1620 703 272 707 
255 216 857 1539 491 28 
688 786 1517 392 29 673 439 862 288 28 
236 35 89 1621 1094 89 1622 1022 288 28 1473 279 
7 62 1623 1624 35 1625 673 28 
1626 1627 1627 1627 28 
1628 1629 609 1358 225 1630 288 1473 28 
686 16 35 434 24 344 225 278 1631 7 1632 649 28 
335 1231 1633 858 28 
335 1539 491 1634 288 28 
146 7 198 1427 605 1635 1636 1637 954 891 28 
216 1539 28 
216 1539 848 28 
28 11 805 77 7 654 162 78 477 1413 854 844 
28 7 1638 146 972 1639 1510 
29 1640 1005 288 28 
7 1641 1539 388 61 50 2 
326 216 1627 1627 1627 1511 1642 1643 1532 936 1644 28 
1645 1646 498 1647 854 392 329 131 747 28 288 2 
7 72 28 
1539 1648 293 1649 1413 162 270 2 7 
7 35 224 336 1650 1045 177 1651 1022 132 68 1652 68 28 
28 7 89 50 50 1653 50 1245 598 50 
7 1654 1394 24 581 453 317 1140 619 1394 858 28 2 288 
28 304 98 78 477 1427 1655 1656 50 498 61 
28 288 2 37 746 963 1539 293 236 133 746 1270 1657 329 
4 7 62 576 477 1658 1631 598 1659 37 1660 28 
198 7 1236 1661 1662 24 2 
1663 840 1664 28 
1665 1666 869 1566 1667 89 44 1668 835 131 199 28 
7 146 1669 143 150 719 1670 1671 260 1672 28 288 
1530 35 805 1623 1601 1602 143 625 315 28 
1673 7 89 1539 37 28 
1326 1674 7 61 1427 854 392 753 858 1675 1565 336 1566 1567 28 1077 184 
266 269 16 161 547 89 1676 1355 28 
28 7 245 1323 842 4 5 89 1677 1678 1679 
35 84 1211 1141 322 649 402 1680 1656 5 21 1094 18 28 288 
1681 338 35 28 
1466 7 216 1682 24 581 963 1539 28 
326 329 1683 1529 270 293 288 28 
1427 600 71 1684 262 605 1685 372 626 7 28 
98 78 477 638 1686 15 206 28 
1466 108 1539 89 1205 28 
7 1546 1043 1040 1161 28 288 
28 288 2 1687 1688 24 35 498 235 1689 1690 216 1691 1692 1693 
2 35 84 199 7 1694 423 791 
25 72 28 
1695 16 146 7 273 274 2 
235 1213 972 28 
1696 7 1697 477 50 1537 1538 572 28 
95 7 392 31 1698 28 288 2 279 264 
749 682 1213 143 1649 1141 28 
28 997 272 24 1413 98 922 1699 98 
1326 1700 28 288 124 131 7 1580 858 1434 217 598 
265 7 1701 1539 1417 28 288 2 
1530 7 89 705 278 1427 1530 35 202 153 511 429 572 28 
7 802 753 1702 1703 147 1704 61 2 
1031 1705 1706 
746 561 7 50 2 
28 7 746 103 35 1707 
7 146 1510 550 110 393 1708 858 605 28 
28 288 41 1709 1710 1711 686 1712 
420 103 35 1713 43 719 28 288 
7 16 854 392 858 691 40 1714 2 
35 1715 1315 1716 24 28 
1717 979 858 670 748 146 7 28 288 205 317 1718 
1719 979 1720 1721 1722 28 
7 1723 504 194 220 28 288 
1724 1601 1725 707 1726 
3 302 372 139 98 78 477 28 
7 1546 1043 1040 1161 28 
1727 682 24 1141 18 434 28 288 
7 202 103 35 190 1728 43 1196 174 990 28 
35 1729 1730 1731 162 1732 1396 28 
62 204 1733 244 1734 790 410 29 1205 28 
259 1589 199 1213 1735 1219 127 28 
7 1736 1427 491 18 1589 372 231 2 
1640 1737 1123 1738 95 28 
35 1533 28 
35 287 1161 145 1739 678 272 470 28 
1740 1741 28 
28 177 1365 697 7 1291 376 1742 795 202 1401 43 705 1743 
7 1546 1043 1040 1161 28 288 
1744 11 746 963 1745 1601 308 598 28 
216 84 508 1435 35 28 
1746 1747 294 1748 103 105 761 28 288 2 
1749 275 24 145 224 28 
326 977 1750 1751 202 1752 1003 28 
1076 283 284 338 28 
7 1753 35 28 288 2 
1754 1755 28 
2 7 16 854 392 1427 62 600 1509 1510 7 61 1655 1656 50 1127 
28 1328 1250 15 
2 7 434 72 148 1122 598 
1756 7 601 61 704 1656 50 1757 225 50 1758 1271 1759 1230 28 
61 7 62 634 829 1521 573 1760 1761 28 
28 29 1762 1763 697 329 198 
95 146 1764 1510 1435 1708 511 1427 28 
1765 18 161 225 1766 1767 1768 1422 217 133 749 28 
294 1742 236 390 1769 742 1132 288 
288 28 371 204 62 178 7 1659 1539 1770 1458 
288 326 742 1771 550 1772 1315 513 350 686 1773 1660 
308 468 396 1774 146 1775 626 909 1776 261 28 
1777 617 410 1083 225 1778 60 576 
288 1779 1090 417 293 1780 1174 7 413 1781 1315 
1782 1783 127 110 1254 1784 153 288 
1721 1785 1055 35 1786 95 7 288 28 
828 1787 288 131 199 1788 138 722 310 254 677 722 
288 7 177 1789 387 734 273 1790 1791 598 41 1792 329 
828 1793 420 103 35 1713 43 719 28 288 
288 1549 198 35 273 199 370 216 1794 856 1795 
372 321 1584 28 
4 1 275 24 255 317 188 1796 1797 1488 1798 288 
1799 288 7 1018 35 1800 599 7 95 626 1018 
288 900 1801 38 4 1802 1803 
1747 7 1804 1805 1806 190 670 288 
98 24 308 146 134 436 196 747 28 
1807 198 7 682 288 1808 231 1269 816 561 27 28 
28 177 1809 1810 146 1477 302 372 18 1811 669 
288 148 1772 1812 199 802 7 1813 35 1814 
37 710 89 787 317 1815 2 
2 177 257 501 554 
891 28 288 
1816 1817 397 7 1016 1818 288 
7 98 1819 7 1346 670 909 1028 1820 453 1263 1403 28 
7 1821 153 316 735 1822 1823 721 1691 190 298 2 
301 221 35 1181 1824 1825 108 28 
28 288 19 1161 1289 
1779 1090 7 1458 288 
288 35 605 1826 278 18 390 92 1109 481 390 
28 7 1827 
288 426 294 77 1828 1829 1393 1830 117 660 1831 7 1832 
35 1833 231 138 561 294 199 348 157 137 288 28 
288 37 35 1770 1834 198 1835 1836 423 424 24 295 445 948 825 
674 7 335 434 1329 183 24 288 866 1143 
288 189 335 1837 35 1838 498 563 424 1839 1840 498 1841 1842 
1843 7 721 1174 790 791 1465 62 1651 1204 103 190 288 
1844 417 500 561 626 7 35 344 900 288 
28 682 329 
972 1152 614 336 329 439 261 1845 367 28 288 2 
45 1846 1453 473 216 300 1567 24 28 288 
28 1847 270 89 767 1848 1818 151 
1686 315 649 163 198 24 627 1849 288 
1850 35 7 410 315 1851 1852 371 245 84 1853 288 
454 267 7 1130 673 839 1854 28 
697 1616 498 3 1141 24 1087 84 1855 909 1477 288 
372 89 1003 288 
1856 1857 410 199 1714 39 272 199 288 
748 177 454 1858 7 24 1859 288 
29 216 1772 1860 599 1861 1862 396 69 29 288 
1863 7 1640 225 266 882 1864 1320 973 28 2 
1205 273 1865 1866 468 1178 1141 288 2 
613 1018 1867 1868 1423 1293 
204 392 198 682 165 1869 1325 198 287 682 1870 1871 1379 288 
24 607 1872 1873 68 157 39 28 
288 7 1874 16 626 35 156 302 717 666 1875 
1876 269 35 1204 48 7 52 1877 103 35 288 
1878 1879 816 231 372 35 16 95 410 130 199 35 1880 7 288 
1881 1076 35 7 1141 28 
7 35 1492 221 619 288 
198 1079 131 24 862 28 288 2 
1351 513 84 106 294 1530 35 156 973 140 1882 329 1883 288 
28 1152 614 1193 761 1193 
1884 1885 35 1886 1152 614 538 1887 1888 151 28 2 
1889 1737 1890 1891 1356 628 705 454 288 
417 1892 7 131 1893 194 35 28 
288 124 1894 1771 691 1555 36 1772 579 474 62 292 1895 1896 
288 1411 882 317 112 7 1897 275 29 
454 198 7 682 288 110 1898 1899 1900 16 221 675 1901 
288 1902 1903 1904 1905 748 
288 326 995 162 1906 
1022 1907 198 1908 1909 2 
828 1910 561 1530 7 315 649 288 28 
317 1911 1912 1913 24 1914 1915 1126 1135 28 
288 1916 1917 1918 1919 605 1920 1921 202 1231 1922 1919 1923 174 35 
127 199 1924 185 1925 50 1658 337 1020 727 995 1926 159 288 
1927 1770 1928 338 1631 1506 1922 288 
288 666 1906 1929 317 1930 1083 275 127 1931 
288 1932 1933 1934 337 1933 972 1935 18 145 1 902 1933 649 
1936 1937 1938 1906 89 1939 217 317 1940 28 
1610 1897 62 1217 748 288 
288 1939 1897 665 251 1941 1942 697 177 16 705 7 1512 317 224 
828 1943 1076 205 127 108 1944 962 288 
288 28 1267 1945 35 218 129 682 24 312 1 138 481 
1946 816 1947 764 178 1948 221 178 1949 1950 1951 1952 
7 599 257 501 1953 599 1954 1955 554 367 707 2 264 
1956 1391 288 
1957 449 403 1958 242 973 1347 288 
454 1206 129 221 1913 153 225 288 
288 1959 137 1960 198 317 1324 1961 979 320 410 29 
317 84 1962 1963 28 
5 84 170 1411 1964 317 288 
1965 1878 328 1966 16 388 1967 1221 288 
837 204 1968 1887 1888 388 1969 
454 1206 1970 7 103 300 35 289 496 28 288 
198 1971 980 1660 1972 1973 2 
317 185 705 1974 979 1975 753 28 
288 7 372 162 1976 626 1389 
2 4 1077 1939 1912 317 299 24 1911 1977 88 199 7 1512 1786 
317 1135 1099 28 
288 1267 1945 35 218 129 682 24 24 1 
317 103 677 872 1906 1162 275 1978 288 
288 1979 1980 16 7 269 
255 1411 686 1272 598 561 626 288 866 1143 
787 1772 107 288 
28 1981 338 1982 1144 1331 1281 418 1983 1982 29 
1984 35 273 753 442 1646 504 1331 1141 1985 1986 1987 1276 1988 1141 1276 7 28 
288 301 221 302 370 437 89 1989 257 269 177 1989 694 257 
28 288 1905 147 1990 753 311 48 186 1991 1992 162 1904 
1993 250 1 1994 1660 61 133 28 
1995 317 1996 1974 1997 753 4 265 1998 881 275 24 28 2 
613 1162 1018 18 134 1999 227 872 43 205 1293 344 
18 686 7 2000 288 
250 674 1819 288 
1939 2001 7 1770 336 2002 2003 670 288 236 317 
288 38 317 2004 1315 1094 1329 73 1132 390 2005 2006 
288 35 2007 1195 278 666 
1995 474 581 2008 266 1964 225 177 28 
288 7 104 221 549 889 2009 284 1688 25 
971 710 976 2010 1726 2011 2011 317 28 
177 7 16 35 2012 1129 273 274 1083 2013 288 
1807 288 28 61 312 445 7 72 1726 27 266 146 35 
2014 163 2015 137 2016 199 1129 2017 767 1099 572 288 
256 124 1181 2018 288 
710 746 707 2019 1624 1355 2020 221 317 28 
828 2021 493 288 119 22 23 598 317 24 
314 198 7 2022 18 372 2023 2024 328 
2025 2026 2 
288 273 7 103 129 2027 
28 18 275 24 2028 204 103 2029 
681 317 2030 2031 2032 288 866 1143 
331 1748 2033 2034 28 288 
255 317 269 1697 410 2 
2035 900 2036 1610 62 677 2037 2038 2039 1571 2040 661 288 
2041 237 185 2042 2043 288 
2044 18 682 288 308 2045 2046 204 498 2047 2048 
317 2049 2050 2 
454 493 2051 2052 1087 331 681 3 145 498 1094 1933 288 
294 161 315 649 626 35 156 802 1513 803 2 
2053 123 7 2054 1132 2055 772 462 209 463 291 147 1389 288 
2056 2057 1458 7 1770 254 44 231 316 369 28 288 
2058 2059 2060 2061 816 2062 1125 746 265 2063 1410 2064 28 
2065 222 2066 308 7 28 
1468 148 336 1219 316 273 2067 2068 95 7 1288 328 28 
7 1800 16 61 61 225 498 850 61 61 288 
288 1823 586 287 188 847 410 29 1290 175 2069 326 601 2070 611 150 
2071 2071 2072 163 35 130 321 36 130 791 1681 312 1 138 18 28 
1031 5 1435 2073 1012 265 131 190 298 
498 131 462 209 35 147 341 89 470 288 
1326 2074 103 294 190 160 1095 132 2075 2076 2077 202 2078 745 272 28 
288 28 2079 2080 25 787 216 228 60 369 1795 
2081 686 217 2082 1699 131 242 23 127 
802 341 978 288 
288 294 236 844 1418 35 103 221 635 
2083 201 1784 2084 2085 
2086 2087 2088 1306 216 2089 24 2 
2090 1319 472 288 
2 697 1132 2091 2092 266 2093 35 545 316 
1876 2094 373 69 2095 2042 185 7 498 417 272 84 1532 2096 
2097 413 198 2098 1319 678 2099 28 
681 317 216 36 2100 275 24 143 2101 1635 2102 1742 265 28 
28 288 35 1396 1023 1567 844 2103 1130 2104 1623 601 103 2105 803 
2106 317 2050 2049 2107 2108 994 1961 1099 288 
288 2109 1746 255 317 1772 1551 2110 1767 638 
2083 255 62 994 131 1269 423 424 678 288 
288 7 811 2111 2112 177 443 2113 516 811 2111 2112 608 
35 103 52 2114 1682 372 28 288 
1411 295 670 2115 146 2116 202 749 2117 1409 634 127 28 
2056 2057 104 62 221 1521 2118 28 
62 308 16 2119 174 1817 7 62 1346 472 2120 2121 2122 288 717 1141 
2058 7 1067 329 2123 1109 2124 2125 
2126 143 292 257 
7 270 183 2127 35 745 745 1432 675 745 288 
1939 710 24 217 317 84 1966 2128 221 7 1964 275 2129 220 288 
288 2130 979 2106 1550 204 1451 2084 
288 1047 7 218 165 95 553 410 2131 2132 
294 972 2131 35 561 2133 513 2134 204 185 28 
2135 2136 1859 7 84 2137 2138 24 218 2139 2 
198 2140 1585 2141 1181 802 1528 2142 2143 146 2143 288 
2058 237 396 177 328 
1224 496 198 749 315 24 2144 607 2145 1802 288 28 
28 37 177 265 113 2146 62 103 174 2147 287 2148 
742 294 165 143 2149 2131 288 
686 1 1389 24 62 84 2150 2151 35 498 316 2152 310 288 
28 710 410 210 95 843 210 514 95 210 310 722 
44 2153 2154 816 326 2155 710 288 28 
2156 95 95 95 628 599 626 7 202 2 
1610 204 1610 35 1502 7 2157 2158 2159 2160 2161 717 1124 288 
2155 710 816 979 2162 975 854 2163 251 498 1792 270 122 1022 288 28 
900 294 2164 2131 854 402 162 1384 2165 28 
28 751 301 1358 174 35 301 1358 2166 
7 1770 2167 185 1132 372 814 24 2168 218 453 2 
288 7 369 963 35 291 2169 18 372 976 206 162 1377 
1594 145 16 326 1087 288 
28 710 95 202 61 138 310 722 2170 35 2171 2171 
28 710 95 2172 2173 1222 434 198 2174 148 317 2175 1023 7 
1 24 2176 2177 319 2178 857 1 2179 24 2 
2180 266 84 1099 28 1634 
2181 2182 2183 2184 2165 2185 2186 7 189 1230 
601 677 35 963 239 2187 17 496 24 288 
7 512 402 2188 2189 1828 424 108 288 899 
288 1 2190 2191 2192 294 24 8 1765 4 2193 
288 2194 7 5 787 2195 35 36 48 295 221 2196 2197 2198 1022 
7 224 222 226 1109 317 2199 1109 1177 2200 1040 666 28 2 
13 338 7 316 2201 521 1035 2202 143 833 2203 2204 2 
28 370 7 598 1190 
2081 569 198 420 2205 1539 1446 308 371 1435 
237 2206 163 463 847 315 2207 288 
288 259 163 2208 410 294 189 1550 2209 204 1726 2210 2211 
288 2062 16 35 2212 2213 256 2199 1851 1094 24 
37 179 2214 1512 7 576 1270 477 28 2 
1031 95 7 285 140 301 84 2114 35 266 2215 288 
7 218 2216 972 1566 28 288 
2217 185 900 294 2164 2131 854 402 162 1384 2165 28 
61 239 260 654 35 204 1012 288 
343 7 2218 2219 910 397 60 2220 2221 2222 
288 1411 605 498 5 2223 517 1534 1918 2224 
1140 7 745 745 745 221 64 2225 2167 1847 185 28 
1953 1026 2226 163 251 2227 1050 2228 24 1055 1821 288 
2229 369 84 214 1967 2077 1772 288 
7 1409 942 785 2230 946 780 838 1335 221 254 28 
231 372 312 127 1640 474 288 
198 134 24 2231 900 2232 372 532 2233 2234 441 28 
980 36 1870 1871 178 1792 2235 2236 35 905 288 
198 2237 1074 521 316 1748 2131 24 288 
16 463 2238 746 971 225 2239 987 60 128 1141 2240 7 288 
288 214 599 1772 1315 1129 2241 348 1050 393 
2242 305 2243 2244 2245 2246 146 2247 872 2248 307 2249 1194 1672 1858 288 
288 7 156 16 2250 156 1122 2251 1030 1194 372 
183 321 2252 1320 6 1662 1055 89 225 2253 288 
294 1144 1529 89 1409 1441 972 790 2254 2255 790 2256 28 
28 198 1587 156 982 390 
7 1554 372 2257 773 2258 1847 174 2259 2260 2261 423 424 288 899 
2262 146 2263 
1380 35 209 442 951 963 2264 308 2265 
255 350 329 272 50 673 288 
288 463 1171 1748 
288 2266 7 1487 104 2267 511 89 50 1215 1132 
288 294 2218 1018 2268 41 972 1403 329 619 262 2269 790 
2262 814 231 261 40 814 
2266 204 963 50 2270 753 236 288 
288 1236 261 184 305 1328 7 201 1095 275 1919 2271 29 975 16 2272 2273 
1380 350 1529 50 50 50 28 
567 326 513 795 134 62 634 38 434 628 574 350 163 
607 2274 18 442 206 1250 372 288 
816 2275 36 1847 2276 294 745 236 7 866 1143 288 
288 2266 204 963 50 2270 753 236 
62 7 103 221 1584 1355 2277 619 2278 288 
2279 1512 214 2280 2117 137 561 2281 
1326 2282 288 294 2218 1018 2268 41 972 1403 329 619 262 2269 
288 29 1847 2283 550 
418 2284 2285 498 2286 2287 241 2044 127 2288 1140 288 
28 288 2289 2290 1326 95 7 250 84 2291 
2058 13 129 1323 2292 2293 2294 453 
2295 2296 38 288 396 2297 747 1 2298 881 900 
288 2299 216 16 705 7 7 7 
288 7 35 700 250 84 2300 
35 61 138 2301 2301 2302 288 
288 2303 24 1922 1630 92 92 2304 92 1630 92 1630 95 410 
197 369 198 35 682 288 2305 60 2155 2306 35 2307 221 2308 1419 2214 1211 
288 980 48 772 496 35 185 7 410 216 2093 
2309 1448 2310 2311 89 2312 767 162 745 29 2313 28 
288 2314 2315 
288 7 2316 231 745 1893 194 2317 2318 804 
2319 221 1874 2320 575 2321 
28 2171 2322 816 277 1444 787 710 162 317 2323 2324 369 201 420 272 7 
288 317 1964 1911 2149 2080 
2325 224 13 1480 265 7 605 493 
127 210 1099 1124 288 
288 2326 783 294 556 872 1211 2327 2328 
2326 2128 872 1211 288 225 316 489 
2262 2329 1250 2330 2331 133 84 161 2332 2333 
2334 103 35 190 251 163 84 2335 
204 7 103 35 190 2336 745 2337 2338 28 
28 35 1323 2339 2238 7 802 2205 
2323 369 146 35 308 2340 1474 28 
1681 1840 1487 2341 2342 599 17 625 288 
2343 7 227 1502 74 159 288 
7 188 227 1502 2344 103 2029 2345 2346 288 
38 681 2347 2348 2008 474 199 77 24 1141 28 288 
551 288 202 1427 605 7 
700 287 2349 24 2350 2351 635 2352 2353 2354 28 
7 599 501 1647 257 163 2244 1412 2355 597 390 288 
74 7 209 90 44 2356 561 2357 2131 2358 288 
288 267 7 308 146 1509 1510 976 2359 
2360 1956 2361 24 2362 2363 1206 288 
2364 727 2365 2366 2367 35 28 288 
28 1795 
2368 288 369 2299 7 605 131 1100 
2369 2 454 1206 1162 1819 7 202 103 35 
127 2370 697 138 113 2371 2372 2371 288 
288 284 2373 708 393 241 321 2080 222 750 1672 117 
127 2370 697 138 113 2371 2372 2371 288 
28 143 979 2374 216 28 2375 
68 172 105 586 2374 1079 2376 2 
2 17 24 5 
2 236 2377 127 
1019 7 1418 35 50 206 2 
2 2375 17 24 137 
35 2378 695 2 
35 1792 1010 1792 2379 2 
35 103 236 2 28 
35 1236 2136 1948 147 2 
103 2029 1079 2380 854 118 1141 2 
35 375 147 702 2381 2 
35 2382 2383 2384 1728 2 
35 2 
2 35 151 153 259 636 261 619 294 605 424 
7 65 67 2 
35 2385 2386 2 
7 67 77 2 
35 2387 199 241 424 1330 2 
35 488 2 
35 2 
7 2 
2388 1047 35 162 447 1389 375 2 
336 2136 2389 112 17 137 2 
284 599 270 1336 426 428 147 2 
2390 2 35 2136 1948 420 2136 634 
284 2 130 1792 772 137 
1465 1788 439 2391 2 
35 2392 113 2393 2 
7 1401 369 2394 5 2 
2 2395 2396 2397 221 2398 2399 747 2400 791 2401 
7 1100 1042 971 2 
35 308 717 372 2 
35 16 498 717 372 62 39 2 
35 599 7 128 2402 2 
2403 236 199 
35 1401 7 2394 1234 464 2 
93 7 17 1691 112 2 
7 2404 164 2405 2406 60 229 2 
2 35 1075 1967 1227 2098 293 7 576 113 1437 
7 2404 467 2407 599 2408 2409 257 2 
7 300 2410 2411 424 35 292 257 2 
35 599 291 292 1276 256 2 
35 872 256 2412 2 
28 28 35 139 398 291 292 761 1582 1198 641 444 221 
35 291 77 2 
7 2413 1571 2414 2415 257 2 
35 2416 1990 1133 37 291 292 2417 60 2 
641 153 444 35 41 104 944 2 
2 7 772 1132 89 199 2418 165 44 691 113 2419 
7 2420 2421 35 2 
7 35 2168 257 2 
7 308 292 257 291 2 
35 336 488 2422 1330 2423 147 2 
35 599 291 337 2348 2424 2 
28 28 127 5 2425 236 
2 35 426 1582 1198 381 1911 
35 697 7 2 
35 16 1809 256 670 84 270 1336 2 
35 2426 2427 7 745 2428 291 2 
561 578 442 1266 2 
7 850 291 147 35 1588 2 
35 2429 147 2430 2431 256 2 
2 632 723 61 2432 231 117 304 
7 294 2433 2434 35 872 278 850 291 424 2 28 
35 236 717 291 2432 2435 2 
35 2420 717 1914 291 293 2 
35 787 7 2436 426 291 292 2 
35 2437 2438 350 2 
35 2439 2440 1914 291 62 308 2077 291 859 2441 2442 2 
35 599 2443 332 859 28 2 
35 316 566 2444 7 2445 2 
2 2446 2447 84 291 337 463 1703 
84 1358 286 2 
35 2448 291 332 392 859 2 
7 16 2449 2 
7 44 2450 2451 2 
7 221 2452 291 2284 2 
68 172 388 1181 2453 2454 86 2455 816 2 2456 259 970 708 2457 345 
35 308 504 398 291 2442 62 292 291 2 
35 963 439 2458 291 292 2 
2 35 1555 7 270 209 214 
2 304 84 2459 2460 
35 2404 516 2461 124 2 
146 35 2 
35 516 517 2 
35 1694 2136 1367 2 
53 1407 1421 957 2462 2463 790 29 2464 236 199 35 2 
35 511 1421 2465 77 2 
35 2465 2 
2466 35 2467 315 198 7 2468 2 
972 440 2469 862 971 35 89 288 2 28 899 
7 89 244 35 447 448 2 
35 475 146 464 2 
7 2470 2471 2472 2 
35 2473 516 2474 2467 578 1708 429 28 2 
7 236 104 944 446 244 447 448 244 449 2 
2475 35 2 35 1925 2467 2474 2476 1432 769 1367 2477 2458 1985 2478 2479 
7 44 206 2449 2 
2 922 2480 459 
284 599 2481 627 1925 396 2 
35 957 1421 2482 481 972 2465 972 516 2 
61 177 122 518 2 28 
7 278 257 292 2 
2483 198 283 272 24 2483 598 2 
35 116 7 561 2 
35 1330 16 336 426 516 572 2 
284 599 627 2484 2485 972 147 241 2 
35 2473 516 2474 2467 578 1708 429 28 2 
35 475 62 443 619 2 
486 1647 236 104 944 35 2 
28 28 139 2420 369 447 448 41 2486 7 23 35 
35 1886 2487 2 
35 199 475 146 464 443 619 424 2 
284 599 112 137 2 
35 497 217 2488 2 
2 2489 497 498 499 
35 2420 2490 2491 1144 2 
35 486 2340 367 2 
35 2404 104 944 44 497 498 499 2 
2 221 2492 315 
35 2 872 1367 515 511 
35 2136 717 112 2493 257 501 2 
2494 139 363 1281 137 28 2 
130 2451 35 2 
35 397 147 2495 560 2 
130 112 1055 1143 28 288 2 
2496 2497 133 1491 172 691 2498 2499 2270 
35 17 139 1299 2 
28 486 2500 519 272 486 1967 1336 990 28 
35 2501 7 497 2488 77 2 
910 35 1289 429 293 2 
35 1330 375 292 257 16 2 
35 199 436 429 257 459 2 
2 7 599 257 501 437 2411 717 60 308 205 
2 35 257 501 44 497 498 2488 
35 2502 2503 170 422 1050 2 
35 2 963 332 392 17 293 1913 1367 7 147 
567 221 2504 2505 147 2506 1103 236 2132 2507 
7 2508 35 2509 332 392 424 2 
7 257 610 2 
2 454 198 2510 2511 292 143 
35 16 629 2 
28 28 53 35 2361 7 445 597 257 822 35 
35 629 257 2 
35 1401 1115 717 2 
629 257 236 500 35 2 
1079 595 900 244 2 
2 35 599 7 2512 487 787 257 84 597 
35 124 41 2490 2 
629 257 5 44 206 629 2513 2 
2 2361 270 35 48 
236 321 35 199 2514 2515 7 257 293 28 2 
216 669 2 
720 35 2516 2517 669 28 2 
2518 1952 198 2519 896 216 265 2520 237 336 2521 2 
906 2522 2449 
7 139 2523 1234 2420 673 2 
35 599 393 673 50 2 
2 190 1624 35 
7 2524 272 673 50 2 
35 44 694 695 2404 2 
35 498 44 694 695 2 
2 2525 498 2526 695 62 2399 601 2527 2528 790 
7 717 35 673 50 2 
35 16 329 2529 673 17 118 849 508 979 2 
35 2431 50 2420 741 139 2530 50 2 
629 257 35 2531 28 2 
823 74 35 16 103 28 2 
35 2136 1703 112 673 2 
626 1335 2532 442 236 500 35 2 
35 372 50 5 77 2 
2533 2534 1042 1984 2 
828 35 2421 293 7 1012 216 917 931 2 
35 246 7 2 
7 199 35 673 2 
35 2 50 5 2535 35 131 199 1356 
35 1789 16 1515 694 257 2 
35 2212 7 35 89 300 7 25 2 
7 272 673 2 
35 850 23 146 292 257 1271 2 
463 2536 2 
2 2537 35 2538 2539 2540 1159 1160 2541 2542 1295 2543 2544 2545 2546 918 2547 2539 2540 2548 2542 2549 2550 
35 104 944 553 156 138 310 722 2 
35 1271 741 2 
214 35 44 2551 2552 89 1510 2553 64 28 288 2 
35 104 944 553 156 138 310 722 2 
35 124 655 1250 50 673 2554 773 2 
35 2554 773 2 
35 44 2554 2555 2 
35 2556 2554 147 270 294 1221 2 
2557 2558 162 673 2 28 
35 2559 746 62 2560 2084 310 735 68 288 2 
2 28 288 130 24 979 2561 2562 1056 
2 35 787 7 2563 2564 316 670 1654 170 
35 139 771 2 
35 1703 850 144 2429 147 2 
7 2565 131 773 572 426 1221 1222 693 128 2 
7 199 2566 436 2567 2568 1099 449 2 
7 2569 1318 2570 1141 1632 2571 28 2 288 
7 576 210 2 
35 826 1582 2572 678 2555 2 
35 741 2 
7 857 732 500 2 
2573 2121 374 44 1708 2005 735 68 288 2 
7 576 773 661 35 2574 2575 221 2576 2 
133 133 2256 2 28 
7 2439 2577 2578 771 172 2 
7 854 35 2288 2579 771 2580 2 
7 2581 2582 1446 771 2 
35 2583 77 854 1159 1160 2 
35 162 270 2584 7 426 771 2 2585 29 1022 
7 199 35 605 131 2586 771 2587 1610 2 
2588 74 74 1589 329 205 133 854 1589 138 670 131 159 130 2 
576 7 1531 423 424 635 1582 2589 7 2 288 
35 162 829 819 820 767 830 198 821 2 
2590 132 210 35 2591 28 2 288 
2375 820 820 820 767 2592 2 1280 
2 463 1462 236 
35 2593 771 2 
1489 35 2362 2594 2595 2596 771 1619 1243 2 
463 2597 771 2 
7 124 139 842 84 199 2598 574 2 
294 17 43 128 453 2 
35 2420 522 2356 1694 195 291 2437 340 2599 2 
35 36 2600 156 2601 976 139 294 554 820 767 77 2 
2 1161 163 35 2570 24 7 316 163 
1610 7 221 2602 113 2419 614 1043 614 2 
7 139 848 1752 426 2603 2604 2605 1157 2 
35 236 2606 131 674 869 335 216 28 2 
7 139 2607 190 694 1298 848 28 2 
93 463 500 2608 1271 2 
1143 2609 329 729 734 897 2 
682 878 735 68 288 2 
35 41 162 270 847 848 2610 2608 2611 2612 2613 316 137 2 
35 847 2 
35 2421 848 787 442 869 216 2 
35 177 13 299 1515 137 28 288 2 
74 2 2110 1079 187 2614 216 
35 111 2615 1136 1185 2 
1143 111 741 2615 1136 50 1185 1902 2 
2126 3 
74 2616 24 1817 28 288 2 2617 2618 1699 
28 2 35 2619 597 423 424 1913 
35 862 813 771 2 288 
2 945 946 221 2620 945 
7 199 498 926 595 767 2 
35 2621 139 673 1276 767 214 2 
2 35 13 103 7 131 199 
2 2622 189 
35 36 156 1582 2589 976 1250 2 
2058 2121 254 2623 
696 71 1395 2 
93 463 498 89 926 1954 668 767 453 396 968 538 2624 2 
35 2136 2625 112 137 2 
2626 1129 198 463 2627 13 453 319 825 28 2 
93 7 216 35 89 950 791 581 998 2 
28 48 236 390 1461 84 557 
7 124 2628 2629 625 2 
7 156 128 2630 405 2 
2 1086 436 678 84 2631 678 236 18 7 
35 2136 156 2632 2589 293 2 
35 16 2633 410 1174 2634 372 2526 598 329 2 
35 2635 2636 1008 2 
35 44 294 2637 2 
35 104 944 269 1912 2636 2 
35 2638 599 2639 2 
35 138 2640 21 2 735 68 
35 138 2640 21 2 735 68 
35 1020 424 2641 18 2 
2 1097 463 84 1522 289 998 133 
35 998 2636 2375 2 
2642 110 2643 1406 156 
35 89 17 390 983 1023 2644 2645 2646 2 
35 139 1175 2647 2 
35 199 294 2648 194 195 1174 2649 2650 1175 2 
308 985 2 
1530 35 177 265 1099 117 28 1230 2 
35 2651 96 2652 787 2653 2654 77 581 16 705 210 2 
2 221 24 2655 244 910 2656 
35 156 2657 622 2 
35 1105 520 1099 2 
35 301 545 2658 1099 236 321 2 
93 7 16 265 2659 702 1136 2660 625 2661 2662 1095 2 
7 1330 156 144 1099 2 
7 2663 500 2664 214 2430 2 
35 2136 1331 1099 2 
826 18 410 18 1589 423 791 95 28 288 2 
7 826 598 2665 625 2666 367 185 2555 2 
1017 7 2667 1126 24 2666 822 741 28 264 279 
74 806 2668 2485 2 
44 1567 16 2669 862 2670 35 139 1175 2647 2 
35 456 516 2 
236 2486 35 2671 147 2672 1542 2673 2 288 
2 294 1127 900 1124 293 463 717 582 1531 104 1389 
2674 561 35 2 
28 28 2675 2676 162 1097 84 456 516 29 
35 124 516 2677 2 
35 2583 1948 2 
35 2671 147 2672 1542 2673 2 
35 199 746 443 538 849 2678 606 2 
2679 7 442 1199 23 606 1423 244 606 2 
2680 35 198 2681 2682 28 288 2 279 264 
7 1270 41 103 221 605 619 28 2 288 
336 7 139 1270 599 2683 2684 722 2 2685 
35 2686 1186 2 
1097 205 2687 790 28 
74 1 130 493 24 1532 28 2688 28 
1132 390 420 545 2689 1186 972 2106 2690 2691 288 28 
28 41 2692 1193 1530 35 
2 35 655 301 272 2693 1079 44 2 1080 
95 1919 269 1055 35 104 225 1389 28 
7 422 2420 1221 28 288 
2694 35 156 516 517 2594 423 424 1099 2 28 
28 1262 1263 634 790 29 331 216 35 
28 28 1035 2695 29 146 38 179 165 2696 1038 
53 1532 35 498 1262 634 790 28 279 264 
288 28 790 221 35 2697 146 
236 199 204 498 122 2698 206 28 
28 463 321 2277 1389 2699 454 308 2435 743 
35 1262 181 329 373 790 2 
2700 41 2701 7 1270 293 35 28 
35 139 498 1262 1403 790 2 
506 670 2702 790 131 133 390 965 561 28 
703 272 1792 922 1250 329 329 367 28 
35 1833 1290 1262 329 2703 2 
28 35 1060 24 236 582 301 2704 153 423 1434 
1321 2705 41 386 28 
35 1779 1090 301 1001 2706 547 103 7 28 
28 288 146 35 1923 61 89 581 13 216 
7 199 498 280 477 1270 2 
28 288 2707 50 2708 
2 7 36 1446 386 2709 2710 
202 561 7 316 24 163 7 42 28 
28 2136 1859 272 7 
816 47 815 35 89 670 120 7 89 236 791 474 1267 28 
2349 24 2641 1532 336 329 974 670 2711 28 
2712 700 294 1221 1255 38 202 28 
221 696 89 129 1766 2713 35 104 278 28 
1247 678 1594 350 2 
35 2714 28 
28 84 2002 35 
35 682 553 28 
35 2715 1859 28 
28 463 410 610 1441 2716 
862 24 204 103 2029 275 24 28 
28 198 294 216 265 1323 2717 1922 
517 35 28 
1017 236 321 139 270 809 153 293 186 199 28 
35 53 177 7 156 28 
1532 35 89 809 424 1358 288 28 
28 2718 2719 1278 2720 41 
2721 7 104 316 463 488 288 28 
35 2722 1423 1186 293 2 
28 288 7 707 673 983 519 2723 434 979 729 
35 16 771 2555 2 
35 139 2724 2725 498 2 
948 403 35 62 1389 265 627 1446 162 344 2726 2704 2 
28 858 35 53 
2713 199 35 2406 2727 2728 2420 2729 28 
41 2730 35 28 
28 7 104 316 463 488 288 28 
35 1147 41 2731 654 35 28 
35 2718 2719 1278 2720 2 
272 160 7 308 2732 2733 35 177 89 2734 2735 498 7 2736 1494 28 
2737 2554 2738 198 1432 236 199 28 
2739 747 2740 1409 28 
963 2741 392 7 146 2742 236 199 35 2 
2738 2743 2744 28 
28 288 35 1094 598 498 2737 2554 2738 259 636 261 
1452 2406 153 2399 2406 790 236 28 
35 272 28 
28 304 2745 1446 1531 1507 35 
28 35 316 367 28 
294 145 246 35 288 28 
2433 463 1515 1532 28 
35 410 498 1109 1421 2462 198 272 447 1233 28 288 
2256 194 2746 153 1423 1186 293 35 28 
28 1610 35 2747 
28 35 655 316 474 2719 201 216 402 670 2277 2513 2522 976 
7 2748 41 28 288 
2749 2 561 948 129 221 682 
37 35 539 28 
35 1887 7 2 
7 397 35 619 1492 28 
35 2750 2732 216 1157 28 
28 304 854 392 1427 321 2751 1531 1417 48 678 2752 
35 139 50 257 429 2 
610 331 2753 2754 2755 2067 159 2756 2757 2758 2759 2760 2761 28 
28 288 7 61 2762 61 900 61 61 854 392 
7 792 216 410 29 185 28 
35 62 872 7 1244 89 2763 293 1427 392 2 
2764 599 24 35 35 682 28 
1601 98 1602 84 625 673 35 28 288 
1372 294 275 15 28 
1168 857 7 236 28 
2765 74 28 
1532 1079 68 1236 787 2349 24 2557 902 132 2766 198 221 2767 694 1296 2768 28 
35 62 557 558 28 
7 498 1607 1584 674 28 
700 1055 2769 1602 252 2557 2770 28 288 
2771 2772 2468 294 236 948 28 
7 2773 2558 2557 236 504 199 872 35 278 1281 1446 2774 28 2 288 
35 89 1601 625 498 28 
28 288 35 2775 131 236 199 790 265 329 
561 35 28 288 
2776 1877 2777 302 1342 1779 583 1539 28 
35 790 2778 2779 221 44 498 2780 2781 2 
28 632 633 496 48 2520 606 453 369 979 2552 18 133 1925 
204 221 463 108 204 498 2782 628 790 28 
670 61 7 1539 28 
28 1539 1539 1539 1539 1539 1539 1539 
7 2783 2594 878 61 177 28 288 
7 1378 288 28 
2771 2772 2468 294 236 948 28 288 
35 7 1645 45 78 2784 7 43 28 
633 177 36 790 216 1407 511 2785 369 1407 2552 1280 28 
2786 24 28 264 279 
2787 746 146 2518 35 979 405 1190 28 
28 35 272 153 
28 2788 787 2182 7 1539 
1017 236 321 28 
28 288 2789 35 272 
28 288 236 321 283 
35 1859 24 28 
2790 28 288 
95 7 900 1589 970 2704 372 1325 28 29 270 40 857 215 1331 
37 748 236 372 24 236 321 35 28 
35 682 28 
35 2791 850 498 159 2782 270 628 373 790 2 
7 272 28 288 
37 287 1532 225 1396 391 68 172 493 2792 28 
35 2793 236 321 95 288 28 
1022 35 2794 236 321 1022 28 
444 315 35 682 244 582 28 288 
609 108 1835 599 236 321 95 2795 28 288 
29 177 216 2796 2557 28 
2797 28 288 2 
478 7 84 259 206 2798 133 185 24 28 
7 62 682 1281 61 1655 50 61 1331 1310 61 800 237 1349 1349 288 28 
283 284 272 2795 28 
28 288 1532 68 974 388 
7 61 1655 1656 50 1686 315 649 1230 28 
28 283 284 1859 1141 
221 1747 7 392 1233 2799 28 2 288 
288 28 805 599 2800 157 2801 1378 7 423 424 
28 1094 1329 974 669 317 73 265 
2349 24 130 2 28 
7 2802 1304 24 655 973 2803 1446 288 1473 28 
35 272 28 288 2 
726 250 1 1409 199 2804 2805 1315 1871 2806 216 1003 2807 35 28 
236 24 35 900 18 948 338 28 
198 974 131 2507 35 16 95 410 236 321 95 1022 288 28 1473 
35 28 
74 214 1800 409 108 24 1581 28 
1719 68 598 2808 674 1122 2809 1022 28 
35 272 28 
53 2810 4 2811 1389 24 28 
74 214 284 1204 697 127 1396 521 28 
7 682 190 1806 189 28 
900 1858 423 424 24 336 2341 2812 7 18 2341 288 28 
28 35 682 
28 16 7 204 900 1968 133 2136 35 670 2813 
2797 28 3 3 3 
1017 236 321 28 
2814 41 321 68 172 41 321 1079 41 321 1763 28 288 
2375 17 24 2 236 321 35 329 17 1423 902 598 372 
7 682 1141 24 35 2744 35 545 316 1141 661 1599 509 153 28 
225 103 2029 463 2815 130 183 159 402 2040 2816 28 
1532 287 1413 2641 2817 329 1094 372 275 24 2818 2353 28 
2819 98 345 1141 28 
2797 2820 388 28 
2 978 2821 2822 2641 
2823 105 1801 24 2136 2824 2825 930 221 1050 2095 2826 2827 2828 28 
35 272 2 
7 1330 682 24 35 627 2829 1531 854 966 2520 598 28 288 
236 24 1358 1419 1097 265 574 28 
2390 2830 2 
28 288 25 204 2831 7 
288 16 35 2832 509 157 388 2730 186 294 186 1582 336 2341 272 
2496 236 321 24 545 369 976 691 979 1774 
2833 2834 35 42 278 293 7 28 288 
7 272 288 
7 62 682 24 43 2835 288 1230 
1375 242 2836 682 24 1141 28 
236 24 321 900 545 127 28 288 2 
288 4 317 1276 710 326 139 
2349 24 1079 105 2837 146 28 
35 103 1389 2 
1097 205 816 214 1056 1389 127 77 862 265 1162 28 
35 236 321 2594 293 215 217 62 2092 18 133 372 288 
2766 236 24 127 2105 1515 1454 628 396 1699 1097 1 28 
468 1859 1141 283 284 16 2828 369 1624 288 
828 2838 2839 694 1298 2840 294 2841 732 2842 1323 288 
28 1127 2843 24 204 338 2844 1127 900 1035 2845 2846 146 131 199 
2042 7 1330 537 1519 156 28 288 
288 1939 2361 410 1003 301 179 35 7 62 634 
288 369 16 284 2831 7 163 808 475 2298 
35 16 629 257 2 
35 143 2847 5 24 2042 28 288 
288 28 2848 2849 189 7 2730 2850 
288 2851 62 185 1686 344 2852 900 
1326 2853 288 16 35 2832 509 157 388 2730 186 294 186 1582 336 2341 272 
28 288 2079 369 767 186 45 2854 181 767 767 128 2855 1647 
2856 1495 2857 77 426 24 
35 42 423 424 2042 28 288 
284 2858 130 25 28 
35 2859 1930 2 28 
288 18 133 177 561 287 1418 619 1919 1080 2278 183 
1687 7 130 1047 251 1566 338 130 315 717 288 28 
129 221 35 98 186 850 2526 133 7 62 1886 2860 28 
1870 1871 172 16 35 272 28 
35 682 35 15 2228 28 288 
28 454 198 2095 2861 301 1358 221 2862 225 2863 16 35 2864 1531 
14 2865 35 288 
539 1130 2079 29 112 137 236 112 426 767 619 2866 572 28 
37 2867 2868 345 2869 2870 1772 28 2 
2871 221 910 143 488 16 2872 1918 372 
288 2873 1997 24 7 424 1446 35 2277 1531 42 2099 
7 2874 2875 816 28 288 
28 1079 47 146 301 35 272 
2876 2877 1870 1267 185 35 682 24 288 
561 1530 7 315 649 288 28 
28 288 2079 1290 2878 1645 410 2879 2880 161 162 
2788 35 62 36 678 1529 103 221 402 372 2881 44 1828 2882 824 288 
7 2883 35 2884 1039 35 62 1130 2885 2885 2886 112 35 2 
1326 1910 561 1530 7 315 649 288 28 
7 655 682 28 288 
326 4 1 275 24 162 2103 974 649 28 
2887 1657 2888 2305 1870 1871 1130 2850 35 288 
288 28 2889 1878 35 1632 35 272 157 7 423 424 
74 390 1772 1315 1141 7 2890 581 103 221 1093 1473 288 
862 24 216 854 370 288 
7 103 1389 674 288 
2891 53 2892 
288 221 294 44 2893 1873 35 638 348 16 2238 
216 387 2894 29 1532 288 2 1495 2614 
28 198 7 682 202 661 420 146 35 
1017 392 7 16 198 156 288 
1 369 185 127 89 839 1204 48 2073 316 28 288 
28 236 321 24 862 265 1413 16 28 
288 2895 129 35 2896 270 1587 745 1687 2024 328 35 682 1141 
288 2897 2898 199 
214 1745 60 127 1130 2899 1494 24 2900 474 244 162 28 
343 53 663 308 24 802 2901 2902 1517 221 2903 
2659 2904 1079 1396 881 24 288 2 28 
130 24 159 29 270 390 84 116 2854 270 2905 581 704 2906 257 288 
198 7 186 682 24 288 
28 2907 214 1056 24 130 367 1448 2908 2909 
35 185 561 95 910 636 372 980 1660 2106 288 
28 2910 7 63 35 693 2911 424 2912 390 1010 
221 2636 35 374 2 
974 28 288 607 396 24 2913 
288 198 133 98 35 103 1389 
288 7 2914 742 
237 24 1409 1141 198 7 683 2915 130 434 2916 288 
1772 1315 84 2917 1473 288 
625 1623 677 133 7 28 288 
288 2870 218 2617 
7 2918 1329 28 288 
288 561 95 199 216 683 980 1660 1411 103 1873 
972 218 2131 24 2919 7 410 288 28 2920 2921 
225 974 1 24 28 493 74 
2922 28 35 839 2923 104 129 821 1389 231 369 1491 
95 410 463 892 648 28 288 
288 35 1262 1263 2924 927 1403 7 316 127 
2083 105 2925 288 
28 1079 130 670 1 24 2926 36 2927 2003 204 872 2412 
2928 1892 17 288 25 13 787 216 
37 7 165 561 1530 7 2131 2929 288 28 
221 816 2362 1141 2930 2241 236 2931 1454 61 2932 288 
28 7 174 35 972 372 396 
2014 283 130 288 
68 2933 185 35 682 24 176 2305 288 
2934 11 28 2375 133 2935 172 394 2936 204 1610 
18 2361 2937 2 
343 35 2903 
1907 7 445 372 954 1854 2 
37 204 236 24 2696 13 682 134 35 130 321 294 186 1748 288 
28 198 1587 410 723 236 133 2938 127 236 199 722 675 
130 265 231 369 318 24 370 1727 1409 2939 127 15 28 
288 2940 2941 1079 973 1017 2942 103 221 1017 682 1079 2943 
198 145 1 2528 24 2944 498 316 2614 288 
1326 1910 2945 2946 37 7 165 561 1530 7 2131 2929 28 
7 2593 2947 1687 35 595 244 316 7 288 
7 24 2615 2948 236 2949 717 2950 288 28 
1031 1506 463 1922 338 301 2114 2951 597 1254 
7 2952 1350 272 2388 24 28 
163 284 236 1436 2953 1396 670 288 
2954 682 24 28 
2955 561 198 1204 1560 146 2956 2 
2814 204 974 973 2957 28 27 237 1765 493 1938 259 970 
828 2958 7 24 2615 2948 236 2949 717 2950 288 28 
41 390 1413 2 1 2959 2088 1204 2711 2960 
2 176 2305 16 2961 369 198 35 682 24 
828 2962 2278 1010 463 206 2963 24 2131 165 37 1010 2 
2964 28 
1686 1329 896 130 2965 2966 498 179 2523 288 
2967 1 1698 2968 2969 1495 973 2 807 1127 2970 
2971 468 1859 24 1079 2972 2973 288 2146 974 674 1418 89 1003 2974 
995 74 2155 710 2975 1691 2976 365 28 
1657 2305 1816 1870 1512 35 1859 7 1194 199 2302 288 
28 710 2802 294 2977 816 
216 1985 1094 2978 453 463 218 28 
288 2979 41 681 317 2817 329 
1380 930 41 2980 
37 2981 369 850 1079 47 288 
7 576 329 318 1270 2 
2982 561 2983 265 174 50 2133 221 7 854 1171 2984 118 270 626 707 
2985 2986 189 103 236 2987 189 326 53 2988 1792 7 288 
735 2989 2619 910 18 973 2990 2991 288 614 341 77 
288 493 1136 172 1 24 1141 2992 2993 273 1094 18 755 
74 1079 972 2994 2441 2995 723 2996 341 468 372 1355 1699 
7 745 62 697 60 369 2440 28 
816 344 2310 717 1651 7 112 978 288 
2997 2998 181 288 2999 
2617 294 24 2131 29 288 
2349 24 135 29 3000 225 972 2354 162 2103 28 
288 74 1 77 20 1698 2968 
1031 1959 746 225 3001 35 62 634 7 1258 463 641 661 1889 
28 3002 410 449 682 127 2583 1023 3003 1859 
860 7 2802 463 719 2299 2305 288 
95 7 7 410 288 28 2 
2126 1610 1396 1889 1129 3004 3005 1250 970 498 1211 259 649 1181 698 
28 3006 976 24 691 390 976 979 1774 4 1094 18 
288 35 1902 
343 236 137 236 315 7 638 1559 
35 185 7 410 3007 293 288 
288 7 1454 2745 3008 2015 25 3009 682 2172 1748 1438 
3010 2617 1116 3011 315 816 1623 3012 7 5 89 288 
41 463 493 2116 3013 24 288 
1055 35 682 24 2 
288 130 1812 816 2699 47 717 2960 
710 176 236 649 2278 288 
288 3014 410 194 2431 2275 561 35 
3015 61 2976 3016 198 7 900 308 35 316 
288 742 710 236 176 
2319 236 649 
2262 2840 371 1174 3017 221 214 35 103 300 3018 369 1 
288 862 24 163 35 42 105 900 1858 7 78 2173 
2976 1532 2688 2278 668 4 1094 1329 28 
288 3019 538 670 498 3020 3021 
35 900 288 
710 742 288 
198 7 682 24 3022 28 
2262 53 221 190 298 288 2 
3023 410 7 682 293 288 
1221 1221 3024 3025 35 1055 3026 3027 1012 288 
454 266 16 95 7 1533 954 3028 95 7 221 454 221 17 20 288 
816 1448 24 2305 16 24 1130 35 3029 199 966 288 28 
3030 3031 1325 288 
417 35 966 816 1448 24 2305 862 288 
35 498 216 3032 177 854 287 1055 216 84 1035 2 288 
7 800 60 221 1458 426 256 3033 133 2 
35 2442 1914 291 1909 336 398 204 1566 291 1567 225 1928 2093 386 7 2 
28 28 738 2947 139 1193 1324 35 216 
2 35 963 486 487 255 7 202 61 
123 284 598 383 678 1286 3034 1387 3035 199 2 
35 1330 561 7 753 2490 216 29 316 2 
18 285 973 13 24 288 28 2 
314 3036 95 3037 3038 
1326 2058 390 2155 1275 1560 90 28 1123 
288 28 35 498 1195 278 442 1411 2803 
1610 35 199 174 40 2371 7 697 1266 822 3039 261 848 28 
7 84 214 28 
1019 1055 84 474 32 3040 7 84 3041 2236 32 1055 3042 302 372 28 
37 1461 3043 1298 1075 172 410 29 28 
288 198 705 185 1141 1792 370 
1754 2428 372 3044 124 74 174 2214 1298 1755 902 3045 3046 
980 1660 198 236 649 95 7 900 584 288 
1510 2875 231 372 35 16 95 410 231 372 7 16 35 210 288 28 
7 900 107 35 1044 423 424 2802 288 
288 2565 3047 2099 2356 1821 
28 288 7 84 1890 1890 1567 517 103 2105 186 1662 1599 3048 
7 1270 3049 204 634 183 16 443 3050 28 2 288 
214 1130 17 118 749 29 28 288 2 
1 7 829 820 820 767 28 288 2 
288 28 2 3051 3052 23 3053 678 308 308 
3054 329 606 23 854 922 1187 5 442 50 28 
517 301 1336 975 410 29 816 47 534 2 
1055 35 214 1056 3055 516 1510 463 291 424 673 50 288 28 3056 
28 7 177 74 3057 
28 288 900 7 3058 3059 266 3060 242 609 694 
176 3061 2149 815 3062 28 
1 2 2455 670 974 1 13 24 
3063 163 7 146 858 859 288 
231 3064 198 3065 854 2936 1772 24 2831 35 3066 682 288 
1 24 68 172 3067 216 2 
28 7 373 1358 1432 221 16 3068 1358 3069 109 3070 3071 
7 160 162 280 2 28 
221 3072 822 3073 204 131 198 77 2 
535 47 815 301 3074 294 717 3075 2 
371 1560 2513 166 3076 167 1811 2 
68 157 161 597 257 487 3077 3078 2 
61 816 2201 24 3079 3080 2 
221 308 504 2442 1143 2 
420 1870 244 1491 705 753 1379 3081 134 1691 1021 2852 2 
137 25 178 131 225 1100 28 2 
2 130 137 3082 498 839 1221 157 3083 
3084 1487 104 374 498 3085 393 329 3086 457 393 1828 1083 2 
35 498 84 3087 481 390 139 481 1395 2 
456 516 53 122 429 2747 511 53 53 972 2465 53 2 
292 257 108 3088 50 2 28 
1747 787 95 117 189 2209 3089 336 3090 28 2 288 
3091 420 509 1650 1045 1141 2 
2 61 449 390 
486 216 3092 35 44 625 581 3093 754 3094 3095 308 2 
35 236 205 128 2566 29 2 
27 3096 828 629 257 2 
669 669 3 2 
28 772 493 29 
1413 198 3097 24 216 28 2 
816 47 815 1971 2186 2 
2 2537 35 2538 3098 3099 3100 7 2540 2544 2545 2543 3088 3101 1295 2543 3102 2537 35 2538 2539 1199 
1161 35 7 369 2093 3103 44 109 288 1230 2 28 
720 721 35 156 138 722 310 7 2404 28 2 
28 3104 3105 862 3106 3107 3108 221 28 
3109 2 
28 344 790 1057 793 217 2936 508 28 
7 131 74 50 28 288 2 
143 847 103 341 625 41 3110 2 
35 847 18 869 308 442 3111 3112 734 3113 35 2 28 
11 3114 28 288 2 
1380 599 945 1272 1423 2728 53 308 626 3115 735 2544 2707 50 28 
308 61 1094 598 122 2104 1403 329 3116 2 
463 598 3117 196 84 170 454 1206 2 
174 3118 48 1310 3119 910 89 369 221 28 2 
326 900 2633 410 1186 147 2109 28 288 2 
96 371 783 1913 293 3120 1699 2 
856 2067 1393 2659 3121 1333 1829 1393 709 279 130 199 4 2 
47 295 586 3122 3123 28 288 2 
2674 2171 
221 3124 3125 693 655 3126 3127 2449 3128 2657 2 
2 7 409 2166 463 409 2166 1559 978 
28 498 1753 369 221 1510 3129 3130 3131 1439 28 
2 4 3132 2507 2507 24 188 945 3133 
1102 35 16 410 442 844 1487 410 288 
28 1446 3134 514 199 181 
771 322 688 920 28 
237 1328 29 317 24 1094 1329 28 288 
255 454 1379 18 670 2777 1374 1077 270 271 28 
1262 1263 634 790 2795 1290 288 28 
28 561 369 2248 3135 24 3136 3137 746 61 661 138 1852 
28 53 221 129 628 1121 2281 369 197 670 28 
3138 674 62 221 1270 29 28 
338 3139 3140 204 1215 363 681 317 24 28 
7 44 156 35 498 44 84 28 
28 3141 673 498 635 
1587 16 3142 2420 3142 2059 367 50 3143 28 
3144 410 790 221 35 2697 146 288 28 288 
28 288 2 666 177 436 272 673 3145 345 61 272 
3146 963 962 862 28 
3147 257 1990 3148 216 153 3149 28 288 
28 7 174 
28 283 3150 190 
1102 326 63 1800 344 3151 3152 545 
255 7 3153 3154 2131 16 7 272 3155 28 
16 1825 280 48 131 773 28 
28 3156 948 198 2619 1614 3157 
867 553 288 28 
28 397 35 619 3158 
28 3159 74 146 1509 1510 
25 1087 787 1211 1589 1077 28 
28 304 498 1607 1584 792 216 410 29 
3160 28 288 390 
35 498 199 7 146 858 3161 293 28 288 
280 3162 1186 2059 780 1186 3096 2044 3163 3164 28 
882 1320 790 28 
3165 2947 463 1928 342 2186 28 
28 662 3166 477 963 108 
61 3167 28 
2934 110 1610 28 3168 151 1 176 973 1079 28 2 
2 216 146 198 682 198 35 2593 
35 188 227 2344 7 3169 1176 16 28 
214 3170 165 683 7 334 1010 28 288 
3074 3171 3172 3173 3174 1742 317 28 35 3175 3176 719 28 
1079 3177 28 
124 218 216 3178 3179 682 177 292 1772 288 28 
454 1206 1970 1501 288 
3180 697 2440 44 1539 3181 753 705 453 68 858 3182 858 28 
3183 3184 74 74 74 28 
980 1660 77 62 1 24 288 
288 3185 3186 1037 3187 3188 1519 3189 265 1099 3190 
288 329 60 265 514 3191 221 24 1278 979 225 3192 895 
28 700 283 1087 103 89 
7 2625 186 35 16 95 410 1879 816 28 288 
288 110 2800 2951 1249 605 134 
259 18 2353 118 1389 127 95 1919 288 
2573 1022 3193 3194 288 
454 3195 948 61 288 
358 900 17 24 3196 329 4 598 317 1094 1329 288 
3197 48 747 1411 369 163 7 3198 35 35 1204 48 288 
288 11 710 1276 3199 1939 2202 
2934 896 209 1 28 236 160 24 3200 
3201 3202 372 3203 607 3204 1022 28 
269 776 3205 1510 2875 28 
2155 710 299 1939 255 1115 1058 872 317 28 
3206 1487 72 790 31 340 1249 3207 924 317 24 1094 1329 2 
288 35 498 411 1996 1320 2428 231 236 199 48 1436 48 3208 2854 3209 
2053 1180 35 3210 3211 1859 288 
498 2423 138 24 488 293 28 
198 2136 1859 198 242 242 1699 2595 198 682 28 2 
74 369 165 3212 127 288 
19 74 1267 3213 3214 654 2202 1230 28 29 372 
3215 2063 189 272 7 1772 1772 3216 28 
1763 3217 62 599 288 1686 24 896 
3218 3219 3220 1055 28 
35 498 1691 561 1904 308 329 216 1913 147 28 
18 1892 7 963 1539 62 2 
892 648 7 156 28 288 
3221 3222 1816 1530 35 3223 210 367 257 501 236 367 92 28 
3224 294 3225 516 288 
197 3226 35 847 2 
2014 284 900 3227 3228 3229 199 178 137 3230 112 84 
674 3231 214 35 103 90 3232 2648 7 527 288 866 1143 
28 892 1997 24 
906 28 1230 92 48 329 2812 3233 4 1236 216 16 392 3234 
1326 3235 1903 3236 1850 35 7 410 315 1851 1852 288 28 
35 706 210 210 210 3237 2904 7 62 3237 1640 288 
3238 808 294 521 288 
3239 1 24 735 390 535 47 815 1915 151 198 682 1141 288 
1022 816 287 62 599 710 626 3240 250 288 
288 862 265 710 344 345 317 266 131 103 3241 221 7 
28 710 624 1507 1190 221 259 636 261 2433 95 
710 317 24 288 
2958 44 2153 2154 816 326 2155 710 288 28 2171 2171 1521 3242 1265 
288 301 162 512 401 114 401 1213 206 1377 
3243 1777 13 7 1346 221 463 3244 1653 1201 1201 28 288 
2871 69 260 1991 2305 3245 3246 3247 417 723 3248 2800 
816 62 344 2919 35 18 259 3249 24 3193 218 451 2 
103 2029 275 24 1094 1329 312 265 172 288 
204 3250 24 28 288 264 279 
862 176 1180 7 1859 2064 1180 35 1859 1593 18 74 288 
28 2861 35 2092 1529 7 3251 3252 181 3119 619 17 441 
3253 1532 225 390 1446 236 17 563 
1055 35 2507 410 1507 673 288 28 2 
2262 3254 3255 1914 259 18 1347 3256 3257 3258 3259 2330 4 796 1325 
2934 3260 1448 16 7 1770 787 317 1772 
3261 11 160 1055 1480 3262 84 3263 3065 582 27 3264 3265 221 
1640 3007 372 302 372 3266 2523 3267 288 
24 2800 2666 198 7 98 2441 661 1691 1531 521 288 
2334 74 3259 390 43 3268 
2262 198 3269 3053 3269 619 636 261 84 1129 3270 3271 
369 599 816 178 2080 710 317 2979 3272 16 3273 84 2080 1022 288 
3274 288 28 
288 103 2029 2867 3275 1802 
3276 273 1323 7 89 35 35 266 196 464 2140 1543 288 
288 980 16 7 682 24 176 199 7 3277 816 3278 3279 1515 2614 
288 3280 127 1418 287 1325 3281 535 3282 1952 
2399 24 3283 35 135 3284 206 902 24 1703 1009 131 7 295 1236 848 288 
899 28 1161 3187 1858 3285 3286 1409 177 1032 370 3287 3288 
216 146 3289 7 1022 288 